280.0
134.50604537164398
53.16310281717002
241.30675944426378
147.21275651497413
141.8290142988432
269.9087290950131
151.74717092221218
836.9122371829512
321.2417645757851
95.08570034292707
87.81413565540434
78.21734312832858
70.37820697817561
86.98412168402285
71.64114424250104
400.19629972300066
148.9779268635593
165.67994046536893
365.22071081385707
174.4787508532966
1064.7170108098308
101.82689595181995
343.8917430039962
233.95413654267824
260.9012488324885
101.78273816677029
63.663054080305194
107.31195929352711
314.9163132920897
50.02114110704352
76.2858506990312
258.3223562228856
114.02960277071844
34.6901564500091
80.13651334965435
81.64350448682782
137.82820791610413
67.42474838022162
89.32570418177842
76.63919384455181
163.78835169255777
94.01831269002624
184.31931210415615
190.80663339788094
75.71112371486977
112.00181358305505
55.59975572544998
413.9398115857127
85.42900649372743
131.44336879802577
118.29527229335775
88.06591533119642
120.90232878511023
136.90597472788824
123.74857580736057
374.672056409017
4568.440817399379
59.7514325788958
349.7417415819751
290.01390744289625
225.12647816539697
132.26478121064184
629.6198108608866
546.4351291241752
68.18037110575469
242.9833111873831
55.335063952462974
111.11031292302862
288.1853190097405
230.28852689405096
172.04914087573604
160.81275811463297
87.1829769401022
46.78152569493525
81.24432881549482
5364.353141921822
110.16704343752187
73.48356524421132
69.44346026101903
103.30678771300639
174.60205372012922
101.99127280447517
1215.1134075091368
444.404628042165
130.5943805628859
291.57704164610584
160.25350218600798
63.00399847578542
222.71230578362088
99.35422448190462
154.72697260106816
108.0975881164847
481.1986809347819
78.9459087703408
205.53617102414924
61.55253222164458
102.28747549535727
135.55001851118726
37.625410044601544
288.24949911386216
87.87790844387794
116.30026854717708
143.3031361221827
4699.5134739069
525.5701118436137
148.04057633613343
158.68243834163468
59.13698015122475
133.55251619634134
171.57490153683915
335.5250939617659
425.90288392453243
131.87225158488232
78.56479028023037
59.70922361799613
53.648177751002535
220.0123071757359
77.4643281748022
138.65546944482927
92.3810431693133
223.6161364188918
50.7921330235385
539.1158125062917
54.169362561852466
747.9678454490514
102.34283362556133
198.15499116094003
1218.861780735565
91.18671999526528
130.3408118486178
181.96051564694272
220.94247389649362
87.3295937985255
120.12598765667849
139.9148738063624
406.4136932590551
167.34889787057864
94.34521871330412
72.24803994917649
142.94150608473578
90.90733066306275
98.84086636426755
170.0109611268019
81.5301186333366
315.19107990157113
41.59232329603911
70.49619628102054
97.74588432881193
105.01092004559378
91.62659119240156
1950.3355402705927
72.20137541198517
256.5737399430265
110.31083237851182
84.10946313676713
1855.6020214209104
163.39327364631635
81.44518310917833
113.37749011252693
308.39524214724594
90.30498137233931
186.71236397057226
88.0314030455856
532.1932959827142
249.99565456009447
196.07256697255596
54.10941578998971
114.82609129053343
266.8906365383179
144.84090351056938
60.89014370781105
195.6358807635883
138.47282583360195
187.46908740530623
67.4493467131554
135.22362750481093
136.93963744762308
1259.9274806173482
315.7108341547469
128.50215422011038
87.27563039264305
2397.3414859826826
184.5834228747263
206.61907015133613
73.45434913511615
173.53583880465408
102.85589364423474
70.34876364194643
130.05166326813537
160.28397759745133
150.45529044832128
52.563456698243485
155.77112777659386
120.14803245571444
239.7395728827178
76.31985526873171
148.13102185828322
162.79454988656133
43.02042988488227
63.51716461130013
