43.5
843.4800046066059
4057.7490634598694
202.68261442060367
193.66112234654224
595.4973783970167
120.56075425612303
119.1643375986773
256.3732416909726
88.94347548025446
143.99985928906057
165.0467103952205
321.5736408498482
134.94003887908383
113.36739838160537
601.4066331363177
201.98857888351634
228.60543846119486
233.06522583966506
260.31307866236614
116.06216148312855
317.0129931319489
767.0424811279861
289.967180291046
93.90695918253842
158.23660078908884
241.0470286746144
244.99411887520642
234.9126019021771
237.2244845698334
223.29188727663933
117.53458490058347
141.9742800951017
612.2762848138533
163.99526458637177
215.71907520234578
318.4389181949511
459.8738005596873
249.39438572105635
130.7583514854417
128.21037589018525
1013.9140913952284
212.077379271649
1234.6524899389522
953.9786538688129
277.8403763981966
180.5150783802966
215.57087877203244
374.4703938512688
272.7927113653508
302.4533020160492
213.37400896887823
800.7554845628232
177.5353844668938
155.5234595260646
328.7273552636438
93.58424588868985
543.5721187773214
508.70129270062824
164.1684392502913
184.50192672345597
94.137266743166
142.22438194695818
123.77680285006693
121.68752392328861
114.99254242389488
732.2499126188151
122.93341076236982
341.9367827728068
464.3104443070835
516.1100934355281
113.52133032628755
148.30703630157987
210.43577995925773
483.0370789625138
257.6280258219735
350.6413439424173
155.04634843722332
163.3013907969553
1107.46567487978
117.86687317646656
137.48337341975252
646.1736276282573
154.79840411417018
76.06828226009034
178.09959000617687
256.2936309609371
330.94358933649204
449.77489188618443
149.75917219667508
203.56748806807437
193.98762611311005
257.98130312901765
388.9158310790801
100.19169203000835
243.12339420717512
307.5518294895482
558.8445211424533
238.99859524180562
283.3186888914402
162.58623259825504
181.95704735042355
269.640191133057
272.660748402777
96.49341775120706
275.76882544591626
3882.8237890252417
89.51766185047103
137.59109427680144
285.3734272775366
141.94587649826084
108.75317865148922
1784.4771112749463
183.94178271951225
809.8272192359013
263.2059926493013
281.6642269870391
255.89936372802657
555.7071625054783
167.60696296849554
408.14439434808753
128.61959442483098
106.65021741039044
464.22361307157325
319.1505797803637
192.2388168345556
63.1859027637637
214.6068402534577
143.01091456956098
155.35023057339743
396.34627825401935
164.86732008824845
267.1488714011352
118.44361943926664
175.34385256829933
113.02351995677688
177.087165350581
178.37867541151337
279.48427940469134
72.07168404653505
172.42836966793965
146.96694734784464
689.1663579389585
57.35061007053121
72.30363951425456
358.6171212660188
292.0703902405991
1413.8028569978474
284.72879749415694
125.7214263199075
270.4310746685646
214.1506445697213
528.2203052311808
132.95334876283522
211.68195241754665
116.89524228238616
302.84648689082275
258.00196400373466
146.86623521343526
474.23649076598986
320.03704990502433
146.47947007737102
510.67492699938026
215.56534123547016
602.7094374975852
420.5419608516269
240.32277077830358
333.5903250411823
135.5380945725847
235.71221432113646
252.9574257038925
263.4428151260408
131.06585369184901
850.038518568509
186.35476620059552
122.83479222887628
89.74544956440877
350.63150958044184
233.26100890653228
197.23828758085477
206.48428551276805
204.18483319539706
399.7570972823687
405.92684249101774
399.77226593384484
120.29912746027661
207.8623635443534
210.63348041155217
1025.2288111266068
790.8867497813458
162.28643273885567
261.0659985869344
165.31463568645904
127.20420784028947
272.66615506056183
224.60225727542732
2503.460673645431
104.31979000065807
356.72682424281845
126.10250162558866
254.6659948523057
