300.0
139.58888875311612
723.1430761962741
168.64662627182162
87.5502277794036
358.00162837876456
176.2619397983549
188.55695241726974
80.3857726641908
192.88390739572992
150.48133587956903
191.6282093506963
533.7112953900871
123.28280992589939
198.794347220083
135.47232506128518
141.7950573584155
346.42982454603475
144.4886255263492
147.72385704278537
83.35297754077557
76.8657189334617
235.89937707385167
93.18500253278714
104.71454160929898
153.78147323120007
77.90878172865118
39.315266843189185
748.384386545478
30186.991035386454
226.95984142317815
175.21927345468777
296.1890968623028
141.84402562110924
446.9112053136166
85.19991812754421
223.63391655373755
81.07237848453418
319.04851893029564
317.0503374068512
190.11094510555068
322.8675114130097
75.32694051964926
550.9218976563628
32.457861314550975
136.2680931651036
140.13527568848642
260.81309771762045
148.7584257944106
73.36862849876766
79.18243283645262
877.3711171752786
135.1683638122987
9106.283443356897
261.8047895214219
354.2164181283985
84.98492027250057
87.4426064964606
141.41218714250408
1440.8388557337
639.161400741644
179.47459533688283
1702.4257914476786
653.3190898433326
124.06042609850712
246.04934347199804
84.29866449183392
391.3523541218516
84.78631254977074
181.4714165704109
485.7167138848444
500.03794172293476
90.59259231521908
370.56489304293603
165.53127338309906
95.66770457872204
144.86046768945354
71.71382178991942
110.7060156411594
181.2367629135263
166.14042579133317
357.51265604728246
73.0850596869772
66.1537682235881
1766.6187670849117
101.87385396128695
48.95539047881879
86.57764847927035
77.27286049792181
149.51734050978516
101.41937550081653
316.3211177909042
169.70019523720032
180.4837199031543
207.6487088712151
394.3521259678162
97.32230621364059
144.92693452156453
212.04508828474758
1425.5677095032024
109.14287095929578
1901.4075191749832
358.69172348506123
173.6689148333038
125.59625974754961
155.75244229510878
163.6949354164698
2549.6188757219174
247.9844070112754
2225.899380592744
47.23411865698091
502.1994258695289
533.2108411454356
136.94187369644052
69.01584979033515
67.62965983304989
308.44304216626625
100.4466866497355
1071.5590018100033
182.40029206326525
85.1691893576193
182.67050069129888
101.75231661156869
97.81286426136919
396.25857643484426
268.34665730707775
292.23484416803694
83.8788629243859
196.1822315356124
198.9660319383798
123.48024037599167
288.250552818822
421.29689803945746
125.49244160048795
189.2371020055062
113.23118925931219
641.0050834850878
173.55561432305527
202.5105737100975
302.78534222574524
155.67984139493302
1081.132668292266
53.45347514093808
111.8601252333092
153.49442402752527
1120.786845332513
115.9560961469712
224.40938357867793
111.73314096212164
98.64728570855013
272.84468092289103
617.8349445400586
109.83070562340518
270.3352626088269
1005.7723447426458
365.5610200926454
62.43597951082306
64.9756757001901
145.43206144729007
84.58082469766792
3746.147142147088
63.901824478467546
42.37274012213609
76.72131070044416
101.1619882025019
136.6708878786416
1213.6312959899738
147.0941664543457
234.64677811623366
113.14291940574779
75.18707376879192
77.29187911525689
194.64562610209168
85.52687897689742
184.78330277171375
127.09585289619264
150.10720239984175
1278.4969246364944
184.85663584648145
427.36806968116105
125.91015112890997
168.64783863500008
147.64163322207546
579.1217160717475
177.33924847793506
181.69679962778142
48.44915913317218
51.01947267192692
135.03504304694525
114.29273854214775
82.23706517242546
120.01271502891754
147.3378292201928
127.42563306012799
629.9825235873255
67.10980424573435
136.89743060812944
177.2978421498847
70.89966138066237
615.3590419981161
152.58573116207384
