48.0
122.33903955555645
3423.2390993005665
113.46512825914029
186.8503823638852
513.5948745464783
255.6936060862597
190.93065658295046
249.69130115171438
149.94853841087155
74.02899464681505
164.10445270470322
309.5766767173874
255.36156054861536
316.8520200458331
121.73897889655538
117.92556020098552
221.25239513987304
137.20468456925977
120.86231333879873
65.03066789251757
146.55059413356685
698.7543716320157
180.49816675557517
152.15182017452202
525.8351433171636
179.72994264925688
150.1594437357839
63.694178660996876
293.7505686183095
365.4263667267003
132.13121447531225
643.6040412598046
22540.73628261764
116.82509747569492
221.4201971933026
149.2567250427124
382.9458060155007
107.66214836027612
235.11597062083698
357.7954809358648
117.60755782102395
186.7771051637845
511.8024404209594
199.88886918394286
63.118085858165244
103.00177304187027
170.5080912945623
112.35906324111443
183.4550301546168
255.8397104214166
224.97965179750813
1406.5601603903315
347.1853589622453
552.2899685783557
680.5765453423843
162.1944163880791
161.13064412528874
88.95744263784601
349.6360908807357
227.40725189848425
112.91802029323232
109.35910584317571
122.20705047724417
194.02596971604754
108.15531225899737
387.3975774664656
155.53189128002865
298.56762575339246
93.57503900074617
310.77415418979473
86.96464619573965
362.84936123280266
175.2727918761736
116.99527439318287
153.1930913002759
232.79392440857853
174.14291531710413
354.989254501789
18165.15910835218
253.0409422424906
127.7428787762325
253.7062997286143
846.8142037281176
135.3908655226686
226.73417083448075
94.36820055109078
115.1557937689088
106.02961079452396
999.2185403233239
768.6461288863007
289.0965270249599
416.6125503884226
319.3004259416207
120.45169748753365
273.93955979269435
73.05326939981938
357.7215359659389
71.96043941857472
281.79739816845614
93.52378933755541
110.28833075378408
156.62013231767122
614.5988389058632
128.73644415382503
156.31304028000594
69.09488147972486
128.37977862044283
184.52737710342655
599.9585399459703
183.91554782738305
247.937950427992
99.38528568820553
122.32488360268567
155.30392885863398
158.03242710252076
447.1306344090657
132.67189993244
178.1386005384139
444.64882104476226
440.94558763280014
186.04142753287982
223.75171816199702
111.63945412616103
156.4608556129104
345.4555761691674
111.18365260813424
138.95611543531564
323.67264500535157
173.3164541598336
150.17600914767763
93.28466101142902
460.09956288351
170.24606896123126
206.1884964534571
208.14547600442305
128.63031511659344
162.18480764030602
173.54433707780055
113.09311246048823
95.97970254254578
234.17901060611078
121.1771970375872
78.70488324955039
234.6426937937663
110.764864750759
123.71927131350036
259.76326441104055
142.20138763096594
353.2733846433067
297.1509712466798
233.36847885270555
603.3617928222934
130.3651376131438
122.14634996991829
271.6308670158024
96.42467484193477
243.72970012756755
741.8197447548349
182.62695504312552
349.763398960122
230.53977125792366
254.4507518191945
626.5098436357702
153.7853478624144
723.8410333692697
88.78527249881705
210.48534740768224
249.3039172794234
2095.960113968947
226.6776328811681
28985.026687063837
2009.2044198079639
980.5389915425465
1512.0079085803013
120.26452987298453
69.16315188345132
110.90717405031123
83.14437650786897
124.52197601605013
135.1623834500702
137.82775766976886
235.11849122170358
96.49633241833396
84.63941598001628
94.65117322512252
159.04064375842523
111.86531094275325
184.99183947844486
146.05081224914653
75.5636716961178
359.0665455258721
115.06691462574007
87.32037812584593
15782.879036881377
144.92559261572728
100.4125103722509
928.2695836924247
120.69073416393574
135.82483328959222
463.09621388494315
