160.0
126.55979456652315
44.68084895820729
67.77295432566443
187.4475683360557
109.91727888493637
89.93295701012512
265.188898633791
135.67308963030925
114.7930790173869
193.14413332721438
198.55482097211618
226.33684521626486
366.79835555414485
3505.161189528965
211.80893095008798
170.4206108170455
195.68004454776545
185.21931172739596
491.61947590570634
241.41715119410017
258.7572690829129
130.20753135137252
153.70684175226222
625.9241774431713
128.52277495887765
145.6301997990611
98.14439180625993
180.97464168347688
750.2660091212815
219.2187776399639
189.75292484152928
1005.0792436503176
168.43683337237718
299.4731532892301
12407.364465474395
109.63261121018607
225.35541040831035
172.93966506497438
92.28946854897758
117.86462362923112
367.62011822266913
196.1896717251921
111.07432660572796
343.9215225080307
183.65557349971306
143.15689270445986
1026.5399116800138
165.73139435661932
161.51145426672912
211.47137920781424
314.41684106077264
134.13647261157428
122.02378272453731
180.93884493297367
544.5910824886954
608.8711783276173
216.41858673601172
154.40190364817315
199.4451231397874
174.11610343154155
124.73608503534992
83.97658259011125
345.12958432155546
342.28530228242334
167.05144183969412
192.32952463901114
154.581333116129
95.16403583426123
1425.8036938279974
612.4107031383885
339.4536527164965
237.0748376768727
743.9047374754358
497.98638133999475
225.13408363586066
1279.5824930289627
320.185048159414
135.1603248114998
392.32007591640036
176.55732038401564
183.28801487619415
1428.90009946515
817.7888914339937
184.36413714226802
90.551150847156
447.8670993496184
120.50478615655474
77.97510298090008
353.4475259551909
429.8166222389851
197.23195052670715
136.95462600264642
243.56147462091812
291.79494499216526
201.4399984721825
174.01291569384435
202.2996519207485
256.6933967273019
132.8326999849494
152.44342711384405
111.74190865947683
554.8638910097505
588.00768719618
333.3271324393644
105.80727596542408
385.5772697246971
395.3810170316696
179.84638974675522
148.4053287585134
1031.5397902246602
147.9490996837609
528.7282332223598
98.53619315094218
1048.0200800051607
280.03446466741764
187.9351421914593
118.6049200644287
142.28834920588622
1193.8633953710312
196.83918012954283
248.4813201610186
379.1733907970975
380.52780684300564
181.19058974958807
210.34752951701705
231.85999849704604
208.3033809631607
138.24044893229086
495.4495779348562
915.9219055612023
120.01715093338231
476.403115282469
166.2559403314284
283.67306033460636
6123.211105666893
90.00631474740985
124.74699025439796
202.81181380832265
113.74004944212547
152.89762431379162
278.9899190747848
336.18784815977733
346.457190166131
201.70339395063255
528.1109198910351
322.6059653876425
373.2724387696032
184.13099219583503
207.730950133972
243.39017895231763
192.9332434601553
419.52215052344644
253.67360476187707
211.73042201324407
515.168738621499
235.92591133008753
134.5398988043987
299.31613497187374
147.36341589393618
281.70218904842187
185.45376226932896
193.84917528674552
334.36529206217966
170.20902959670465
381.95513392506
131.10828488313223
117.26771407493901
77.87879450785442
187.11620578605078
165.25994032325718
155.58167450968642
114.89151255938009
163.627459608868
450.1702245928929
121.50924369855301
132.3455389251702
256.45289466732856
2932.860361404025
155.21369172162028
281.19909651715005
94.12319342752119
141.81094583047988
254.01524378030098
359.96354136787943
146.62021391988384
188.5957920849975
112.57443599129917
246.89890485789394
329.219086148849
297.5793261909248
137.1355653527466
322.0332341914655
220.91174137093262
458.57728537347543
88.92696034132831
95.09459140972926
385.51493046694503
250.5204499175793
193.56910050828657
7519.868735773796
