220.0
361.3869365994412
93.87669855072271
215.461832621182
1043.0996843433388
142.21074762895879
164.18230773360384
85.63580793159046
151.70470483286516
89.803091051006
181.94314468099395
76.80294772881889
228.75535514862415
300.3090236520946
115.20589538700708
383.1397140622076
196.27034255278483
99.18602268337995
282.7831064471378
190.2557658891306
341.86904995354195
145.02209523523064
312.9150246820066
103.9944487863072
58.94052177162248
232.3092302966678
3309.1045144251907
101.11046405004109
59.27662063038861
121.62361352913592
59.42289466140459
70.65746419949973
69.92588926051918
139.6785406873912
124.53545228597906
130.5428174621519
573.4344627050989
202.29060409254654
61.42290893851752
36.53831517962458
157.75615822976255
71.96474506540008
392.7778342929972
1291.134590728953
136.32094401486134
47.92835843384451
51.46587093081155
216.04119184911218
401.4499177990485
94.90726142688449
126.78842357217356
51.55629597409431
121.69544770642426
72.513532495756
83.03570890120174
182.57563347548384
87.74207584738843
277.75917803205965
255.86100469298034
7921.17373420806
115.91517581348151
162.3103117159418
36.58787918830593
125.13381771774635
353.88261199087
186.0416345672984
65.58645198981993
128.50722581313292
63.26057566266599
265.1815812962207
96.22598515143655
122.42927567221214
196.8234647279498
55.34607414812351
97.93503114443531
197.03472127929896
177.60189864494657
61.22790247498482
179.2493566339302
176.8174444249788
477.561527095866
90.15816413535337
9859.482105360381
98.00448996174289
102.13541123216159
132.1227921084487
180.40737374137075
217.26408930171166
154.15787832652046
120.56683879969921
184.7978584741227
72.43288936033565
110.24966264125271
1296.6317241552417
75.78204662663347
56.15371977632942
213.97190930451697
364.9295190653362
518.4748565696552
131.87438665346585
112.08553932949357
254.97616259197903
95.57872704111362
64.60596969642094
101.92141533474722
132.06402421105759
71.11414081911192
139.42160412853084
76.90973447308896
199.88997123031547
116.13043607310635
113.56209373314991
76.63516110800616
77.69522355721871
53.30155676922857
120.15303678583852
103.17389859831883
89.419447398581
242.58778449418514
126.51735459496193
167.28187979341732
447.55872097886567
222.8211519262539
304.10617523175625
111.0746072120274
143.7664343189805
67.16411297570664
231.17727151332298
323.29750118508167
39.48676121673718
122.83927259224635
167.2969160299341
42.414234001955826
2221.3364650884882
540.4206097620937
53.813533979078734
46.77509078907819
194.7024879728482
804.9926099058802
172.2251373708209
278.5474309300804
51.89331287418568
56.863580788496
137.32770067710203
198.00549619494168
743.5273982265466
342.9656853582266
117.92976988517675
41.35572467522135
170.87021424826264
145.12706500564613
155.2277040859971
115.28638110876153
187.93406910564244
126.5752881592202
179.4124202298636
741.2511938367969
77.74529140134518
307.1308100520732
85.73193139524291
118.03254080750418
70.06627687545628
91.36453547281383
101.03489798442952
128.89027140040267
145.16473028300325
225.1763406680167
93.47466226145191
118.33813280017323
115.73217120382398
81.63243427120169
348.6791820053743
181.07347340434956
83.83965014372649
116.44894027349211
157.5401141954757
176.77874831995504
194.61957587045316
338.4739108381359
407.6955707885819
113.78730554511466
568.5149892929833
148.7000034723412
76.83671845382044
871.8636167242362
60.1482506815977
144.12747057861978
1825.0893634019337
68.79091205080415
109.94479431845124
83.3759575885797
106.11663169289605
243.93900376931495
353.2548985968813
109.65249359408719
133.8608776696681
145.37906337669338
83.95115457995828
223.77682688244116
342.51055299253903
70.26674997538134
