260.0
360.640135398114
264.27189937297106
385.49795833742036
233.86524286724992
150.94501962145523
67.18381385638088
338.3205411739444
219.72472471815837
137.02474041181657
150.09611004147627
134.4515356823696
1763.0302695183757
224.92708994661064
109.82874705093239
99.18691609835562
527.1458584318435
332.72827623482345
58.28124226233844
1353.7419709743817
117.30899390299058
35.45890681321636
156.2855302964789
191.65677713035393
133.96919610370873
345.8499904757034
95.28162829169572
71.65379510819832
152.08217996541413
3622.4423644472986
293.0930705109426
999.3097792237975
65.23553237084138
64.50255306137856
70.03506271265357
174.73446011553457
102.23889550635087
115.92301773228701
477.4833610954905
158.38980640351213
105.99756657504582
391.35219881792693
270.0285432926259
34.680363040914465
437.23308562567684
81.52484444843857
111.89550431325532
95.42537108607756
118.51720193932306
192.6263940610816
109.9300797392868
661.5828244244248
191.697239994976
107.09434803646421
171.54589107097357
114.79945670669069
542.0715448277689
65.43649939362274
147.65571120816807
715.5252437632934
318.4337702648141
268.8604152303087
64.39186538314603
211.16302711456075
467.8699302181689
82.38737718549096
616.1637529612665
202.62976859254576
148.08747612844329
205.21438770683957
421.80269833493554
81.73975912639582
119.44662810094563
233.59547426386217
309.3764159495547
507.4052008469843
1144.2017001816582
159.22898624792427
233.75651646185312
1796.4690987132778
108.4545736575253
263.6861545013367
82.91110658652367
699.6950929873077
67.1991237986586
1361.1516978427292
490.73587806905664
222.2507957216198
172.6572757834947
1001.8775678245544
165.34660088115587
348.2654754935047
211.15347251691648
85.56439524101246
357.04478865095103
279.32274939800976
419.82233383766777
82.18131467590445
226.59622708480185
4986.33976957187
65.40923635463585
428.70318406193263
1239.8576072410124
219.91798508003632
168.12979049687223
107.93249748593993
154.43587626688023
608.1700413197151
366.94388222270084
231.62900011192144
108.69835775615135
465.80416368757807
104.36272993274032
159.59427610873385
98.81048482494188
87.98632026986317
1772.4410943209766
660.3708218455041
139.61482011547264
181.01740736110344
4783.7131789598425
225.40080858758915
234.98110495167947
193.91200754633797
2391.228575786144
123.28979512241177
352.39648403054736
145.09592687925655
952.0155545522216
238.71444196360014
141.35178685048047
59.34120194874273
465.3676841771958
340.30209504547923
168.3901683570986
454.34677055439676
298.7840538625539
263.0920809096509
181.20841470521356
506.6486476329946
129.41131133107007
44.560672300118924
366.5838192341271
79.88896533039676
98.22743286257952
280.51462811021895
130.07698645550795
3911.464281925097
175.70890706322226
1202.1187975388289
57.08385842596384
148.60263147737444
99.01601673043015
313.82294203472594
220.29364941297493
246.77706804315739
229.59368109912478
843.3913251332561
389.52358518176675
251.6876470807158
269.7627424370021
100.85567788921588
378.6968664595995
239.71331212961778
58.766420021469145
85.03409130579092
1925.3359250938154
762.2972447273911
206.49672084259072
134.14200251692287
200.09372130569838
80.66652474564422
695.1229774748119
125.5073110350177
198.62713202583933
194.93459781112176
142.13357379800794
99.21180670068063
74.94832514590341
1836.3542185253186
84.25299274844994
73.58399496544101
65.84824515491826
114.28026486630819
192.09841678218854
125.91256280111605
182.6381503068568
53.51540128148859
99.69251272620892
2116.9232507616093
171.90592720213422
417.125038948007
417.6118022207637
140.11772276726072
80.88046574904955
262.34165540430854
105.75192972626758
121.92254495278951
230.67139851139504
137.85778103618205
261.0754475919893
