54.0
127.29078546057346
223.39804251667172
2507.147982204554
306.1838090209629
183.00017929096705
166.00736932094634
96.36854752914375
350.56176149676
137.21478126488907
312.43804319159955
104.04665020122847
526.6279062260473
1484.3259102908032
2244.8098375421305
182.4167898200872
539.0818698190883
83.25980591876237
2754.8705924014416
138.6306545437641
134.9738173842316
126.87966848077791
112.74074480737298
125.67236109392596
153.83325004199892
538.7838346788395
386.950263105306
131.84294983752002
207.33471640913766
79.16749518421472
173.4276806497197
220.84749655628016
163.5617587346792
203.00990897628984
270.14489775113736
416.7351525751742
156.19579263724228
480.3858978200212
2185.7347405326323
803.7947965204054
217.57253629328795
305.8428464161792
85.93542275631012
110.29753350022452
282.5384713570336
108.80290703217894
483.65305582300635
205.31717043573727
552.5856924451961
822.2785281177681
115.06181067346962
76.1333571260991
120.04023088561186
159.08671530789618
144.1805409411737
973.5212226489699
337.34850408909074
197.88205452428323
226.00352600650982
112.53449788331504
270.67081995628604
199.43302314787334
38884.417567169265
142.1094125428216
136.83523774520577
126.38717007839873
119.5165707948851
226.49821296681947
1083.694562409253
357.83571288834094
172.60821578810226
550.2951602745535
632.6772489230783
380.3948786549861
215.6402363169967
467.5297352429289
93.07844635997105
302.8488791876832
1972.0716643752057
803.195441997804
164.14983646376214
68.3047526817588
489.042753607607
172.97192854728033
181.5810793799719
238.4916507911803
392.2734535994133
144.13006580106236
106.60341264590605
4688.880691411741
221.36558964768128
229.06959160068433
281.95871198176764
589.2438816441772
150.71203898664214
585.6748272738726
195.17496649812557
212.93027790541157
480.7724255871109
112.649993511171
487.91918054277556
60.08816248546106
1334.8153068125898
9597.887807831794
160.7737636789835
326.46786972533585
124.94581677040907
226.38141962502067
89.89428533546595
603.6088775976981
1602.0321080816923
72.37361354637943
309.5415678130966
2695.5312303429046
311.5928567470939
87.76862584473174
79.47522603006803
182.6247157650388
309.8873995028245
82.44831121064725
246.04917722875382
539.9997123797593
174.7445633193919
291.02661508705586
214.22622157794694
379.5900942875863
119.04769237688717
1445.8083068845217
232.5903671389219
3720.100844507015
359.11587690298217
143.22582307711443
350.40532026895187
66.04791836629929
278.45155008558606
381.67183218283697
98.00597668300827
518.2201592632032
198.71664882450108
202.28557090983122
3250.916968955976
118.27121680227569
1148.3430364537135
2758.745121554611
3652.9336382065653
72.71521248929781
117.85150723068153
300.85849373145
276.0839994103917
253.68633265000364
334.73516962123404
125.04014482510324
271.8755734721756
318.6943314976363
223.60382756434137
1155.8068294694033
259.6304413501231
150.89099230739063
124.56438402155688
388.7182087744209
247.79644929682854
243.62056714916437
896.8150593295952
145.03030465040362
138.40082575236036
172.4689099753545
150.50233270536268
3515.1696964818266
295.64951336590826
299.9594437940379
212.7433684227114
153.43594724703303
179.3502671710183
192.86807024711484
401.6689548198932
176.85102929992607
201.22916477848344
387.67118733482016
154.38015393047954
96.10119623033866
146.80077935755176
173.30900115133184
124.04753514336548
123.60756486671326
205.9132890016037
119.49553222839351
212.66110710778844
238.73470596773555
265.0476415384321
153.4857546071261
1512.658177777792
396.2362153483551
118.77566837681051
411.0704258075233
182.20755586441115
3258.033180804431
128.9600954999128
198.8532220523297
1975.6330686986644
142.03997615111692
174.12405214805455
