380.0
101.28295053607697
76.857591718983
52.95980964331581
110.87807024978297
133.5946326804306
70.08997128322845
59.385692502348896
71.40874147979841
148.80947341281802
43.61892511355932
141.53071259328203
104.9474510955728
103.49172115636789
96.40444047819842
99.63567150264689
52.987756420814435
842.4341980230695
47.33081668982881
82.5852606617208
36.40046441848786
222.0228023064904
137.37277182777424
72.3183461576746
65.56911373421188
815.2838765231854
103.71734518364647
153.1874489991417
57.59440791794691
42.25748470523473
241.72022178322976
81.32471213636742
124.57986449745422
104.69009520083308
64.528884340492
133.21795647232864
122.80487263445673
1187.0852224840055
84.38968815986244
41.255805499969895
68.73522944334682
59.06946513447546
59.00106199232226
222.81018797009008
68.76268775931987
287.60933039792576
92.35258263672773
51.12115996394904
48.84819529756753
43.568759911817146
54.42765788690634
55.3188824425353
200.66061407024515
384.1485920977259
34.72595748346816
292.531388083958
1121.8230967962631
39.559277174212475
97.62690917259069
205.82800792631556
112.28122723963133
155.42542769317697
59.5614085310902
108.8671482701363
62.966689350111025
385.9361727005894
38.59947554572521
150.30652790699799
179.7529470576269
126.59496553874416
70.22261263206015
63.18649343775345
47.38761899448906
56.09571117902836
110.69702667374125
54.86713241620339
58.59452204606441
67.10379975341786
46.42523063340994
57.64280705625402
67.27787935408637
62.81735324447931
41.68063581834354
1450.69044742488
75.34185607876177
623.8723408524579
66.07090353468291
72.52532089531853
75.83209342718223
52.49479428712286
126.53243006860559
47.125260818202044
116.21019192284231
149.00374828370934
41.85304472018002
285.6161246545885
49.65202584445009
688.5316708085104
94.93346774860495
53.70482835544041
705.0395113795747
60.16446612425519
803.7818088541309
111.16547486496695
89.21738328221502
183.11850412099605
68.70512929493682
607.3296791874454
77.4179252986742
132.3088611428586
100.93113318911927
55.475601032798835
61.40115313115667
118.44586708359964
104.83164340222548
54.879483292816865
62.74560908338057
41441.914883503545
55.93560077240869
103.8200212465565
332.8734487887648
49.03309149050021
82.70397562815668
167.831791866616
144.20876745964722
83.31858089105744
69.90334231956942
57.70686023474482
102.07420149992001
62.11626705517294
81.79725625757983
45.91949993785296
231.8371848621781
52.31808477926357
103.84509635781934
154.71213814920486
166.80260460086183
88.71977577923491
94.48205689377707
598.0236192286109
85.11399110276949
30.540063661840268
186.06414910454768
83.62724518199596
85.12298724757602
62.23376220214066
90.48781416875896
118.38665717637163
116.0424515268963
625.7480758893813
100.18325052115745
58.09738523476601
65.09377005860827
28.930030521794745
434.93559797491554
65.72520146253714
54.89548860150881
82.00877394625432
197.1305673261961
175.63768007239224
187.06424640436856
350.9999170744351
311.58850077002637
69.44934652966215
99.21478905925275
43.19601663780004
91.44399912665372
56.36346252651097
131.57063625512592
88.58278443703804
81.99204579878197
271.42662199406277
108.48935068923221
120.3844416257697
85.45640632400814
64.64432794200552
78.3722243495917
113.3725332622605
664.222839347066
111.52898085950233
148.70213283749504
111.2928045370657
54.4677524456257
89.65127928238564
212.5441057841851
46.95746299112343
52.78942150098529
170.01497708284026
71.89859117867549
361.04556909090536
65.57329983683073
126.24229873737787
95.73794152113098
87.4601504513128
64.80056432009432
102.23052123857148
51.951836760233604
45.50118871320841
55.722599454107225
95.81895104291306
37.87115617413453
