380.0
83.73894444331232
285.8194773798004
226.66037583657325
104.3061129771525
786.6875967103861
161.3984553372096
76.58945263459215
117.63264654716332
126.12173537302945
129.38125917622148
198.98311103359603
131.6464871011965
99.32082973386902
119.03360000044911
336.7001085054361
80.09981439375943
129.68020312059116
85.32218436438139
196.5571152065275
281.2710704570878
162.1357500799831
359.0737493436907
193.78907230377516
216.699736556009
473.8513054958649
129.52631882758084
1372.9358714497644
46.26677617425587
89.53511667357567
70.70846862608175
36.137343918099575
220.6471132873936
57.02816808056657
135.2246067210805
87.51077571482394
167.9895264616843
50.29286053048894
60.73211412889908
219.6886405907888
156.71281706213097
85.82286885968507
118.9874276339417
91.09991692410759
95.60142745359583
95.77101701896132
173.81553732186046
199.6595314285954
231.80410968098084
106.39440006622864
107.26263896685728
52.89282766807047
52.59516761696208
81.18458264519603
560.9359799794053
54.138623255358894
183.75831911945986
95.33210048347651
7855.504987796966
102.02920572303509
401.9653404714403
289.70506077575794
149.02253199381516
736.8491634482438
124.81314200058152
92.38615435265345
106.88400112687745
69.9630821538494
416.08431882793116
376.9118564659347
105.16781002577979
195.63163226829124
72.45156901378277
122.63561437840713
129.5597378231135
104.91675728603882
114.29927945642277
953.8611680949732
127.45397837503292
114.71842623385129
96.50745060890628
103.85689130642486
78.4738654827004
34.23049946586348
65.36010792971013
93.87229983045368
96.60334736085221
108.59095368361123
257.11832942137295
53.310778196137534
137.3826885005635
75.5638240217094
49.45048529205525
189.26845030629357
137.9145584851511
106.55614242328693
72.50302395669158
227.74474183159865
143.3450948846794
80.06099915819429
465.5058085698452
68.00289406534941
263.7884537859079
124.21275655675309
55.66596387305351
201.6170474757444
87.33254217476775
83.26541710428087
611.5033807583811
308.3148958131335
243.48536292718862
93.66182811425524
218.94634716901055
677.6390916152134
135.80450428696201
109.6010277355533
60.07648004848878
258.39611447605074
133.14290633223027
106.31569932105067
91.2602651182288
132.92689913159865
1142.7253860895898
75.69979141203555
381.794946980785
56.01235292990363
84.75423844932573
230.45329547903034
71.42775785242198
165.6390098686385
57.20727094352446
80.76784524897536
192.17770412640135
249.19204204350405
61.74266619565197
173.25753570467833
66.71955268543651
203.4499671321974
111.51482448464995
221.19494789812177
46.962160952152686
309.22570844891186
591.2364274312539
596.0912800905064
270.50543367875684
170.2908077096357
89.77330922129102
122.44996057597237
148.30586442357074
118.64356280951824
3556.3085821029167
91.96432208511393
96.13533591131863
316.96685684232267
274.85779559734766
47.79272375122081
96.31530607730966
282.43664732204434
577.1158391315689
62.82029889733164
7347.984494887417
83.05842760574747
63.62490443640981
104.12408541592042
119.95418945456314
182.34972163267136
158.93548579333023
121.74192671541972
128.00005095724626
83.80691782356472
189.67931996165024
99.18367954016716
238.6129005834321
130.96371818351597
490.564847737116
168.76289844190603
75.84444315617861
81.72891733220276
85.49237917398302
50.992683701118935
82.0644269393218
196.89021185378874
185.39880340847333
95.46405441820158
199.3419880471397
76.75435343822473
81.41172858388742
46.187996819909046
200.79333783656176
73.95525203582001
89.20859345762072
59.96817326345669
204.16200475626383
84.21151364179005
141.95648926744664
284.45599304581805
1687.2420033818173
54.72099181360921
152.4117744645646
77.65210879280427
79.26799036966719
