180.0
128.59597511742464
135.04166721316952
396.76513508515745
4994.687934016166
416.29932517112024
213.04517673694716
105.7344589050334
344.2232778500355
109.57401992157344
104.91966657247963
89.27708256254513
92.3693850764536
134.002915710506
125.6709991346595
314.56809578741206
120.23057184981599
66.68210168343414
163.50769303881037
445.0725032677427
182.55927068429145
130.87916228737208
332.35657502798085
135.31501820779906
188.90490502247874
104.96544404945053
114.09023106551096
63.863363141371856
256.96696095010776
132.26981169727964
48930.76167785777
89.58042977526722
107.60427291866813
288.3286283411638
318.9961542592125
259.20823365718195
302.961902330827
253.47026806775256
104.37148318753658
225.15936534968438
140.24039177151644
263.88800069734083
1012.031522549983
320.6161081951054
79.76164637156305
250.5842666983625
135.0504983386027
151.29133205513958
75.57879748778721
177.94273735463514
146.32439423370346
111.48681600951943
169.2494598219429
154.44334836590434
90.37440435970512
100.58528121053328
218.1312961204223
176.7029110796113
115.05508172094879
487.74406804389855
94.92643721026525
163.7869901430171
286.5572370188033
137.27665556759453
93.59979190609312
139.69214663264037
162.61004876759677
1550.742940971492
346.1018026102459
139.38635558584912
307.293196494678
88.78596842556158
184.64704659696952
467.0969995971511
2451.595202114061
141.2564241260857
183.92291288978868
243.9639104223033
221.9757780011965
124.02924062813497
151.71885971663977
309.8874174852448
144.1274700556596
221.30601235999416
164.6555491909077
142.52308226420948
67.13620002548849
112.66803544080317
401.03370425883634
192.86659481185606
72.52836599381122
718.3154731056856
83.49333173272217
356.21029168871223
146.29829242374524
225.4340762761333
973.7275514799605
457.69915052441615
328.10898807655013
134.88098306632008
109.84403706698193
183.26883608253124
588.5134759873021
195.33853516272984
137.61068681185236
220.19847587673485
166.46991754937105
197.49338882448174
74.91350626709524
293.61410504075246
116.94457184343973
221.8833659390649
83.0058294512042
127.72090420064362
1949.799225992578
124.50736539301205
280.12429165736637
173.35773136543384
146.56953387742323
652.0608927079066
91.3765612407253
659.0530399619579
374.18333512694016
128.95024480659757
121.6845710911736
208.87088661868248
246.5712737330232
137.31632180435238
992.8564097906371
177.43011314724188
123.61603799637444
245.43768674830235
233.6002153969632
225.4998464604152
252.37790174599027
90.09588040771591
274.5637774891901
2974.601308454934
266.527554246498
180.87936735993813
2887.555214327289
344.94275589036573
153.51740031401644
341.0297120576614
82.42143810516917
222.6517572086613
1035.220934087884
412.934468876614
270.33722917308063
2743.105269648919
124.94491468839766
76.74365917997599
279.5861393245765
381.33540609065756
128.45036763898045
184.69554526846187
295.0370982261702
124.3841559460603
221.376389196088
300.2391583802387
252.949468756792
307.58573750094945
117.55838287261567
118.54309124597359
128.37347012496642
295.2212968008554
116.45781180809209
115.13266986045637
373.79389973503095
244.2549869280923
147.09729765189275
82.19181895430208
99.18278833394734
201.78028223532482
176.5919966532614
178.26712278343174
231.15246590005393
160.29392116961802
142.7080615869981
313.1185968956719
141.55981301865577
695.9073214784046
2279.7997160283057
598.4948781675439
562.4187088460892
883.0730309689502
796.7629394812582
158.00982551907808
153.0963203033011
223.33146018290648
70.79851035416544
150.6664645817554
156.77943289783389
76.95614878568895
120.83122162742595
713.371711476301
172.25259161334307
295.62901461198544
98.04209424198604
661.9152889179451
66.95543146768371
