300.0
76.14201765698282
244.38326979598605
112.02238273074762
633.5515990133043
52.7084829650708
75.67860896761164
36.60986792428721
74.28157816722123
184.70884216795963
83.99573656394824
101.89122698098903
87.5766936219024
67.95484328275005
93.2457926319127
675.3070877928567
128.70770056917317
108.30239621041054
184.35432080064518
95.6743281443219
73.98530555279443
31.697224213709852
3667.388136983708
84.02245071241279
104.52081559498082
51.8075171800919
187.45299456413716
175.85164249555797
431.6746524966949
134.6288799367588
213.1831611322763
83.67649035936904
145.00779756021532
133.47554574352728
82.30679461008688
75.44714305903597
205.11279635560675
67.79415384022447
239.8704135666688
35.49037639854587
120.29502446916396
108.48896923320066
285.561005708447
43.05790640946695
81.82688639298513
559.2400461551089
169.0947758317866
138.7177969446126
81.98397417977694
277.047428801325
154.92901209328366
107.52170250355414
135.65117016411673
148.3057315833456
1166.380926963746
70.88882237048993
53.47246995885908
217.72201692739503
107.6919012277142
82.78672842384648
87.49485283591673
90.06274803847249
181.87278040255637
43.105411992464056
147.13456449750473
133.0883629467171
106.4965805387262
128.03628025698598
39.691886157229206
83.72112495588239
247.91018620723213
96.06844446182455
139.5233184342616
53.3574246152837
85.06141635716322
72.80850233887843
128.7783530787214
162.12488800187896
252.52962214476275
317.09266302728764
241.2122123248029
298.91579623831075
77.48014797218917
99.86476420409177
92.27933332256171
152.10496277313396
208.39306703186426
523.077994937585
1583.7506779047765
63.6451124109704
58.71364726955952
407.03502975874466
237.0749272873311
42.02170355800109
75.71500758296523
66.90932859252416
429.2603929097671
215.92559368269704
67.6346475177407
148.07481663039687
170.12049173292823
258.47499688610526
190.12751527991358
51.17230585396389
173.50579218496406
111.10578911691704
75.10238736194123
143.79992649986036
143.50021131530818
46.03888674147386
269.49838456123007
92.94663626784947
132.22918766579133
157.15889375978364
143.5085255641621
56.80988879309193
93.0998804523977
73.09854920687478
63.77593927637223
105.53000514479471
188.1856906043268
230.08171514962342
29.703824950998815
185.8828884696627
88.49554258270359
45.64648384411637
52.550510388641776
262.35680299328567
49.91055297048371
99.79691627825316
63.77262587620209
147.6418888684717
103.59903263720828
96.44716765939165
338.34276188019476
232.0652769926664
64.82829038455652
282.8259471102547
146.25223280724663
99.06083725091527
66.04800799600238
56.44982186204832
275.92794069611915
111.12477459340529
63.8066766147278
121.31238369149733
48.691393666973354
233.2150360674201
103.22831137217845
1767.0126586350414
54.5292235064356
48.8826194628422
174.95220220252185
111.40224160533083
85.83576672483622
79.34234487983649
173.89681725829925
66.24433363853146
102.86663476069153
118.80476719805185
289.4217096893303
69.25104637480169
350.7375144221031
108.52700072435834
140.16493358952616
128.06486080578298
34.25656783780804
103.50480375052122
196.87689311921406
95.49962934691958
81.90951273437375
36.30742320133492
202.58313897163808
277.68013948826547
103.50308925195455
247.8946821440653
35.082199722644965
65.22702720544724
88.05876680477002
118.46740364518587
100.18494523915399
116.48287235165265
109.94452553057832
94.99675099990286
32.935338069752326
83.77785296790736
352.64518869970215
118.63789524529528
74.53853547642898
136.09554206818072
141.37816054350318
248.12650904683852
188.87559031563163
445.70997248483513
154.5633554736716
201.34424173439436
449.1540458588899
60.4606501840817
131.5277325435745
61.585786987044884
81.02615860855032
