160.0
254.13687774883277
2109.476666814535
140.11765154816865
125.95269182720554
429.8428429801411
296.3910170389972
119.45374966963914
50.890941133474556
173.60021953408275
372.28891783588824
89.95004488203341
88.43654854285549
633.2276949988732
75.43359662272589
4291.214675506335
85.39266211625994
180.17242280462438
222.00507283719935
257.5156648879467
246.85696267068266
1521.1382426236532
327.1098224686814
169.4696102323202
64.11373397126992
6297.854132664387
3783.540587008804
200.6067103829836
2202.9530820090995
129.28168297324007
260.7742498554757
168.1305819553359
87.17956509873379
173.39052705075096
221.18178698042615
193.43026961411954
258.27910889910055
179.1099805226598
65.31235243099172
144.88263302310654
280.907198308637
223.61658212209466
165.81136840234333
102.81858088826704
244.5294214953283
105.91069589794606
558.5237342785193
99.99114525840308
134.90147264537805
217.44469976944285
180.2796724046938
116.20808027911502
163.15874992775613
33.95551943776562
487.18021732981873
436.3241757683307
143.11536861808045
147.26089025036754
161.20202162085144
191.88266996649608
258.9717890358396
164.98564931421978
96.93297222255342
110.33257200980184
155.0516431913305
235.4578148739829
104.0944312176218
735.8719009831344
126.91930465551286
154.9424930974535
166.16540215249185
453.7605234361095
434.9112934936657
124.77654202192929
319.0091462933362
103.73825956912835
358.966279665874
279.3897458679642
166.3303639711982
189.519736533745
71.41854947851876
96.47172421933526
276.8127536292905
170.69907819621508
64.19033490541403
115.63481075359758
84.7374222248776
117.45165687012624
175.27375864881054
250.60538573563792
381.5142440354282
99.28519162910528
148.24707457800443
219.10295548484456
180.46449499740717
198.05605724550483
227.42202023451858
130.96825515872558
77.91398694023778
236.62170528064448
79.84301156960328
236.53953595369342
180.5868599240895
96.71248051512525
75.68468340536789
457.5878435635222
117.90910211640941
111.60080366833772
159.9739665778169
1426.8541729180706
127.1933701583316
53.717577328231506
102.55836513437941
147.3856415835769
87.22896876701714
91.33268802171102
122.0955836438057
67.1827612261076
96.7986058929282
99.01753746247421
105.28597507113602
116.12718452513023
117.64234628609002
124.99821823867384
62.998189839849275
89.20911548148611
253.1661849358549
239.0358973146118
137.45959719377538
204.9472048185479
128.38316663015132
98.31092743072756
387.6870881807583
360.3297671487951
199.30253778106137
381.17578110226503
97.05775606560323
214.68584813271016
70.05835968403107
192.86171466114325
150.47166687753875
123.67448914799668
411.927761628696
61.54768216093534
145.46539192898362
224923.4899840238
143.92049596785205
82.49326485463932
596.3596489777187
265.2521672266978
103.31453969664183
242.71588884051965
155.7767752910109
227.5653884580833
208.79025785862788
143.0111424759607
224.45343077132753
364.94487690831795
133.15567721599416
68.13866559771657
119.10227364313148
118.86095186982902
539.6273362705675
4813.689166107838
140.6300215196
123.11287022209017
360.0748291891986
177.97669879022075
174.9880661208743
428.47638474203626
166.35719386175052
50.72541964380851
137.07372748416617
271.1185375931619
146.08209153545062
1649.7060517386842
129.1741223749919
8494.70113028519
164.68465816859688
168.96333957715368
71.56921280851223
383.1199282857328
132.67621546173592
56.76569522789935
121.89874335423697
319.30143346392737
271.84071648264626
88.17971888885802
84.79424093691817
174.14252102523324
155.1082584261368
85.68930633100823
487.9001729872851
535.133955567352
178.3370209025013
142.27743568300878
124.5449858111564
89.77864068025569
504.08236126529573
228.80573036277073
155.94206162055104
