400.0
75.29505569383583
41.586706256653834
20.034101616167703
50.79799847381609
61.104015395691285
43.11352531988607
84.3210288950155
30.484727422305856
38.608961775314974
94.99297167006388
38.1775494760581
61.46516509909025
29.228755024849374
702.7103254627016
106.85093899532266
61.26381646456783
72.56411516294409
79.11577376018082
58.00573312140355
172.9819824910252
32.21337688520827
33.438646259212724
38.31214637961227
154.54541010443367
71.40716658326322
223.86620156431832
50.436478988363845
287.03665235668984
59.24729179000136
54.22187798683123
35.76276674345724
141.43026335603003
79.48254377784092
257.14525201423527
84.84047709865544
95.80786410507936
146.0130454311206
97.55313051053727
36.54865265114013
100.79254387339773
516.1141174796971
152.8267089010699
37.242918019702394
53.1065482599901
103.81390718994692
305.44776595269605
104.1510280089316
42.8636224626564
156.86966890751737
220.41715905442814
27.32585351918837
271.6552956342612
115.54450932636934
65.09119151169989
210.4154110808999
524.2587264346681
83.81808694053765
340.1149593533007
42.43568617412697
40.03750841321276
117.60279397536551
51.20417543346281
156.4324404939321
89.51941030533118
118.2284507728276
20.816149117448738
46.49451781031809
66.72277738508014
38.31983433334572
34.128909424381
57.53728577872208
50.86929442640717
56.47008988191052
198.27037290414205
62.933608739666546
51.03089436878246
23.48358970175019
126.40600682774563
23.5653537036962
49.9238366764646
36.22941636767669
39.11810378572905
39.82125863306566
49.22764366184863
149.12698517435206
266.82520286923676
40.00776386360157
84.44491699902835
120.74995550545887
177.11477121725338
58.94299268815725
136.62706175591683
33.316027525490995
63.13580892254764
96.12664811530082
69.75580294858845
108.4134142332773
52.278471066420174
4915.89463392043
57.63106223006209
65.61318319677461
69.60929899099413
59.77123266189223
62.6937887745128
75.47380096915134
152.07707056112545
70.70353498712687
28.149738999901537
42.73763657959546
141.96576071536356
13.867469881473106
51.51741179721073
1858.8686456388414
101.07624651303405
37.4515886031974
123.88275908667205
45.09925783235519
35.67897410980863
483.9806750151166
48.87790991238683
29.632764772592207
7798.861268996044
127.55241994713506
59.388426194924364
151.64638814565677
40.10247842212835
45.689588990789645
32.29723297228174
94.63124261942134
53.436439190683885
55.874200405092246
72.5213955889198
76.16242909137343
96.82287096454687
309.8698460720312
49.94404225767294
53.97796012909917
78.86239731785946
44.4284956804455
69.63137452260476
15.272050487752136
48.09067384693276
67.83657731884504
47.63891843493923
41.08656989063799
133.9930751525949
75.64187904395546
102.41914815110151
81.35835853421405
16843.06528605107
40.37131561893803
40.804668827884974
238.92935018861556
55.66215471509516
66.76434030887762
28.49865118677542
87.62617037333281
98.14219632678898
98.48280023637234
83.52251868099907
1524.9687972707206
391.5413434838845
373.42382536900055
33.2574456993496
59.3253751229328
21.60070885836674
308.08887310281034
76.84234981290292
37.2954071017486
63.74766510444785
81.52908510341197
90.98283601577252
127.73421907064925
95.61102703134051
170.78034614788734
117.95589936674739
29.59468767854605
68.21811630309803
38.517980257330095
25.783698679160214
104.40502089688154
224.75800494981505
93.23276374891843
93.54403179593396
41.029594907100474
35.47102598434593
42.43127888718708
52.1611254719933
41.700832365180474
22.63553814070882
429.4169612768415
50.79847406613308
45.700837127157214
110286.02102211086
165.7653808458648
65.81150031562906
52.394251529120574
289.2562522602019
2973.2587779163737
61.219262246286775
