49.5
54.68622319332832
1010.5079203969984
167.43704841737838
162.57681914542633
75.99511859565894
102.31100457342049
13705.017171950765
222.9297552657639
103.86768122413663
179.36577607409131
107.11568571499717
90.73081979385509
98.4053894296611
1382.8999131616567
172.02758668121274
426.1921156342367
298.12261839118986
544.9601052367527
96.82310898637753
99.44008050342883
584.860981838911
94.79242050361643
165.25171030769638
108.01072177075515
212.15444426095556
100.34455868767944
180.24803239635995
176.457424959992
140.0843940381633
105.8056727580297
100.15679295877051
114.14857343922468
73.50738418979819
169.45551606605
131.67387598558335
783.4882899718809
151.8412238934003
305.12617562552657
174.19954819216326
51.3760690955274
203.91592866566089
153.65918865209338
490.87393768667715
126.5624117934947
890.9297899131127
644.7071336958504
95.8694752520484
146.2640302742027
92.28034375999327
200.37189562509772
533.7763803966832
68.73225985372756
99.3637756726256
58.372164279174584
225.0555573518674
139.63015636359077
126.7295422647714
146.32714067737555
96.90428394185648
191.68195060380364
226.54376405227924
801.8845984420226
127.96336887281704
47.919486348466044
197.89072573867804
66.16421890325854
274.32736288558203
107.71314213311065
808.592292683767
147.70014389952772
441.18671888119616
64.68882123040055
115.62179899635791
106.85002909588451
93.99279748517638
40.12532609827451
168.48188712679018
327.10244797724846
132.32436631348762
110.9649831973285
235.73052813671165
120.54252591551261
512.3993562733918
319.5847806079367
121.12509193517997
188.52031430991633
171.76464828600623
90.3956281697221
113.26188502940569
170.91365813143727
108.44079698430957
148.4891105089223
548.5120617529936
133.92118960443779
112.37938614393939
300.5587416118167
482.703766717947
683.6596614918157
509.2280084239259
2173.5803585386207
150.8223562387299
131.34949000006173
81.07359935371178
165.48449228401307
1084.250874039245
110.67980593770172
258.25727612794253
340.3800953967351
136.68582060800543
133.423271108233
52.301244634541305
134.2884592913397
940.8191156119731
182.81226612497264
547.771359027058
513.760371185621
77.60094161293563
73.89512392125259
135.02877330359163
238.12121745678434
94.79095521696077
74.42656407968276
132.358912748324
146.2895151094986
300.79026791955914
94.29230635840332
251.57617326077462
102.72447372210928
91.71052191268241
118.64939134893906
216.032401987978
111.28006900539002
100.0491699142298
69.8662461679551
86.60555647770082
115.81080912051527
65.89679745361624
64.4402992683344
231.26112545963483
153.21905044966334
269.9408440905297
161.9857651132905
203.13405943940845
1525.764982364533
100.9618611377898
190.80461296323517
85.0513292937078
665.0919699463198
229.95021117635272
146.5650586781056
228.9999652200591
52.589719296874925
400.2311841648477
210.00832956581874
352.6235073182177
132.28079086085864
1145.4509679975909
207.19419426578946
113.36481553850531
245.1715164165148
1503.2761497160225
520.0781150055192
311.5112320357005
295.76391478537806
547.0568743880189
84.07813047140698
267.05992873710983
365.387677661136
142.7963990135137
63.93716192150232
60.324084061227
92.74511497257284
98.93550647727342
288.4435166242736
476.24338152873423
146.10124530333212
115.59721274784035
61.79981503900065
286.66804959775453
375.6574865180048
137.55727015499892
340.2959755360058
140.07294037487674
290.59853811715044
384.6201791481764
112.53390178880304
138.41008160428467
67.8082007030764
83.49427330810501
89.78308257181364
3108.9093674238675
520.4183428573856
140.13797863494273
155.54995726054477
93.59176107123044
257.4297556219185
109.2492336071672
247.35680530712176
98.3059397934146
229.97691614611003
