220.0
346.9001108253414
190.10592000062977
121.55564380843067
146.18351404420204
244.82607528212242
129.51786027334367
221.27974111449427
22599.538978415854
84.67290457659045
61.92541742751786
101.33621621129518
110.8185936805173
111.44524338615123
212.35257624841324
352.726724935287
54.46769087835218
172.46878577994693
281.76472867219434
518.6914348767222
83.28385811539843
61.75615586553453
522.6397059984333
63.99141577372778
142.5689156499148
95.92273096420558
233.49086430420434
133.39913109498713
79.72725215900059
208.83226033941293
86.10167737363228
5192.3093262887805
4850.269947114093
411.99639115547654
555.9900731780366
87.40046286918066
121.87017251076279
203.0276832965253
114.52059128753868
177.22923309072377
252.57977679883106
353.13608733754126
190.72928600870523
130.5335164274546
164.778504957916
90.04559130990881
403.73067870077654
174.22691809841146
112.28919748871151
344.826273024677
73.42255431763361
124.90814820770213
103.78649464300646
103.25764310165718
226.4757379657188
65.35013669767254
121.522711213373
67.48548423693781
90.7347194996631
121.68726819371993
217.88758270225446
115.69045717872692
272.5866680271548
102.0333786000597
64.07811057003569
154.11949968818922
285.0907061895561
75.9920417420875
82.79227893132769
85.75667502801747
178.57753755562447
159.86951971455207
132.77297907387984
2627.5998751342713
81.7232589758267
94.41613869034686
209.89371536730317
606.698566323115
225.67079870623792
190.83870684647198
256.92302831514587
116.34474964622795
296.4564450019446
101.8490882187317
125.87152926200037
87.10887943025891
96.56053627324762
78.83760426680055
190.86683172301102
273.74167732778784
245.29917928666163
269.7259592692438
269.03110375086516
501.8506164339534
424.37459670279316
63.23133567918456
161.5962207780005
80.41152523840356
265.13835514120717
338.42715060117354
147.2059903354223
106.88514569291374
158.7255484583668
418.8752649867879
126.74200368022628
141.78538649358336
614.8965693551037
96.139429984624
147.2215343742819
292.84625304622006
360.5698979751775
68.04220739829748
93.53209914887522
245.88737505637877
255.80818502146178
200.0780797318707
294.833290144235
124.77232828505983
131.95159065814448
60.68671393241038
311.9510896360407
255.53597784788877
159.82316720477476
83.19767362564279
63.1778931437757
148.38338498100242
103.87545635485641
265.7668572758871
101.30890538865431
90.12825249473804
133.63205503452176
61.745951702723524
124.89809537815835
120.49895163816986
128.45416012528892
130.43557804231662
192.4098229784494
293.53683658374473
69.74901038538192
84.12685884308684
176.69208035619496
210.22053778139298
306.22812196925315
432.38153056429275
158.91757167037397
114.74559912166404
135.6254873325034
227.78339802030027
216.4460300987753
105.01667815890865
212.76591705802707
87.37623631106676
106.406853119475
136.0919757181719
79.91416962295571
115.62781450310777
365.7116361706023
1142.3964722694145
131.88441289785013
198.23686107032668
136.58972510153527
119.07680136249984
50.4176168220574
553.8124163127289
70.22729632828158
97.28210057892215
107.71852986621734
540.607074732863
65.9263227406462
202.64775896574764
258.8843958164536
279.76783747898287
320.763364098654
615.4426004562786
91.88839518293699
174.12721126196482
87.3574734668226
204.76915065806034
141.03284175917952
56.96928074742152
563.5970014429173
1603.9991027625545
252.44511826953737
76.64553543594069
69.66486247387573
186.9187216971209
130.00990342900656
118.3765631083666
127.2400387224519
112.81739681266482
143.7951424062839
106.15812976565508
508.161478780513
103.84893153890647
373.09633663902696
372.27006962387077
131.96844829829809
87.10428851980281
158.63473799417
145.30964019161925
115.3736304729307
