240.0
122.96077314807847
283.01147005742916
39.80719637757731
178.40577871690573
85.25997762567026
122.8182804962347
69.58160409079369
385.25011371511863
364.33592286311256
128.0805900650662
243.56943665478212
355.95238881385893
673.119411654486
94.00304976195093
575.534433685775
93.42810857541576
103.91797891468224
136.26118967088652
112.76630907395582
70.58852555562814
154.83538217169365
93.33307976075322
729.162912971163
110.93750295531055
216.3049806360032
157.69138792771412
164.8463276804925
109.51278520900543
80.9175176981794
172.51801434607586
73.37704054896422
143.60371894922355
325.30160484243316
326.91556946973105
109.74496474377524
120.24610681119638
123.00599845778265
155.55320460668509
102.1734384822276
113.28754280522861
169.874297613777
122.77181992399622
369.3603760556096
126.85206226332586
100.21259940004761
62.743309719544136
297.0409895363806
88.57573480462818
64.49118674397056
401.77509976918844
161.51106321983534
123.73749393214335
89.3380055750302
171.96583323213358
85.87513866306541
145.89502195816812
111.16456488016738
89.86969538675817
43.48364293595638
189.1660575584426
78.37892932616307
1248.5409315529919
146.02066820433004
169.4800281805313
71.71483081665355
253.28072362587156
145.22706081049603
82.49010247612644
745.1480812332067
105.25903943619768
234.86425096086091
73.5720816702231
111.26096088126229
139.38640794619883
80.72081692921797
96.56509483657021
164.5535834678946
112.14793393594246
361.40232482104716
336.72114488487875
172.22493818964935
1301.7381416579458
146.65548895242895
1172.3637466737398
185.75145116914848
203.83310921622717
91.64812443438166
434.8941207538025
97.51071043358822
107.95340966834213
70.79644471922178
1142.0415265108434
148.87395100927168
117.95156535825637
60.91184613818968
987.1789794975697
158.18411507751475
89.17780605776608
304.4580156487193
145.76511016059453
169.51459101801208
412.08044709475394
524.2767349147873
90.37637342831437
234.251108125578
347.96008931456964
94.28741436356133
140.3055467012356
171.94790621254646
103.70579766588438
81.91310503700934
154.84619657371022
121.98973467387295
145.6910233592084
125.45555951034862
158.90606226915074
437.56533527700117
110.91205684472008
213.39916618368812
59.952586855067125
191.30014936001524
184.75913991341662
82.0956292175056
446.65384066444284
229.6946878692172
89.82434465444513
193.62757109309382
252.50741848424812
130.3222965926883
398.4812041058127
148.09848374603624
88.77540126681608
820.9477519003332
244.49758985193986
306.6451411440959
118.0760075958119
189.425461713888
45.34879871471654
189.12161157614668
123.08662089516896
67.30462768213562
122.1918153302303
76.21154543590424
203.92494842599476
109.53731576831873
136.65990579466597
121.87029077642111
94.5208488735053
159.89647494592333
214.15076462757202
66.69925254208248
129.92286873946207
207.0981843028473
98.62952171520443
146.44197612928153
63.744784293585305
52.30003828412356
432.11287347174664
94.34089647593062
94.22846560924611
136.74426527925885
653.821019078582
105.40215367641908
194.94683635708878
77.3492851158811
408.0692712307759
95.25583997913239
208.5798705109745
219.44088707713541
155.0780217889657
101.13527970843657
43.43003693141214
233.01186688392477
99.77664109916608
310.7821612878464
105.02158839515471
207.40511814109084
184.83499349364945
261.58827326993463
951.9898038431014
93.60717924715712
249.912667217242
128.09109052827415
94.90858314893563
167.79808445739113
82.14704878104031
123.7899331332054
72.64542963013884
157.05764956163438
204.00270490273155
915.9009620972059
97.30213280142536
96.87902937626497
217.61318067710704
162.4798399379387
490.4597083574594
88.81457378070192
129.67035929024254
230.58322283533823
242.02264338378887
