43.5
117.07711937182927
151.26218604166823
102.54271898404609
150.74046601922552
924.4981399766284
180.01607369447802
619.5860373142121
125.27788999425427
347.0145823721078
403.4679945695328
68.10230582831316
749.9477021221487
115.35718507678078
114.24144749425749
583.5488511035933
48.391227433792345
147.75877254426774
65.42141313067037
642.4942239371687
86.79523400457366
565.4443317389856
225.0647518795855
98.00513333298854
149.7240836039904
109.21359186528416
136.6526109121018
351.16723426790406
106.93363968383242
278.75354126732543
168.1674910002038
172.58717969309316
541.9758511320753
358.04102329674424
93.19479075673891
165.13702550431043
99.89714878344286
323.34064258642655
116.07356748524579
129.80291498383343
202.33558640707557
83.40043540029531
1588.9759447665153
416.7369530635405
542.5086758950216
147.01436341316628
3095.7818593365996
98.30710188769608
237.8433765858573
142.63424487664605
172.80916477980898
219.1288498340136
267.3803453033664
160.04073735212077
279.3057547630039
92.38094873559767
443.084781883845
499.1120894948636
175.46773001698043
142.8067716664181
221.51922755808064
103.81470040995946
299.0660956338126
292.44121056639455
389.95301897289426
1294.4189629903897
162.52124437969084
207.24294836127368
111.34028801421391
154.56307107176335
138.72306041393327
194.12242947994724
255.3007114241306
130.5679119820486
190.11082922961572
391.40196616284675
97.69586419348055
272.555667087249
147.7157786483802
191.61717888953729
153.70116714581573
768.7915960393723
117.44486686343093
101.16548838707884
1949.1470942811047
66.96158601086952
101.23488319224842
210.17447757188347
172.24291719398096
825.6811761745959
109.03199205003853
162.9801480148246
1142.6805210669354
1028.5314663757908
176.73061311764334
93.66505860270537
87.33054316563438
178.26648462971167
243.61119705615604
88.64238519185479
236.40783440453308
65.16437476629503
122.19642591853817
80.00656128970436
157.54227545605767
148.28133159585735
228.50855767012132
16277.28189228429
235.71221584170559
198.73200599946836
106.03695976693031
1270.475623686961
321.0866343954981
131.31584507950197
105.8793888293696
63.76945172271771
137.73811593498863
453.07815492231725
557.6651465467701
79.0389284553084
137.0992818334888
168.84632570563065
215.7270141274148
223.9789173076855
115.75621183571852
53.46671688138121
52.3240131350308
140.71422141067464
113.4514540578132
140.30504901896762
214.43013563917813
81.18869391323896
159.45008451337344
73.81894129295443
197.54256744650758
144.09613215623045
283.5804172334323
242.5668960509632
128.87708963309538
249.90967842596663
1991.7865991680205
401.3239757040154
448.86719546090563
193.87375563793938
122.6223072675323
181.500459637686
177.47085055928025
105.6190857856644
210.31736542468028
185.67324041717012
204.62732714661223
255.11170163341518
150.07650333076825
57.72488817111089
50.52792939304902
81.88163527237363
167.05464396096698
214.05330045423327
155.7096877799969
63.3149088191136
1195.8739611345077
84.82075359451369
251.7250596808682
72.98858463240141
113.28628966065386
286.29073598995035
251.5393204316027
133.38587314405956
201.7219827128913
50.77242944681062
85.63607677123855
46.043362620397794
972.6720982951919
653.7423140056875
86.94472801999498
116.21068378174606
1185.5408983459147
169.56828443042457
160.16864199194086
109.78764018279091
335.8889659171563
150.17335721252272
84.75528663584075
259.7017263108009
170.65192350925122
260.6528768246876
1137.8337298301242
414.07490087139115
123.62804180861852
468.2669101851837
403.7382247872479
192.5458453259992
61.02416594928314
88.82901379598837
4826.585951708846
123.07247179850849
230.7619067366722
4327.565490232908
765.7373554781409
86.24466793464548
95.02597053037942
