49.5
106.02637535373084
1289.8254647088845
62.14014939922668
99.09111223440989
412.42181881245824
105.49462871385201
104.57443912827469
142.31158098735045
142.99299888364033
96.04679682311281
64.73073501899478
53.697237978709175
115.23783923081463
502.93790056270257
52.631084308648106
171.77612619931548
972.9497891652969
43.95319567856869
262.87878125624815
134.73327166070186
101.16910581126977
81.17728025993395
91.6601269122474
189.0558461201704
108.74715730533028
113.13482688388162
112.27962318589597
106.84542836175471
255.9642613883372
69.42849467702257
1578.1308063454862
107.20085025725936
935.1545683741293
203.27388629702202
228.73451275885273
232.65447680790572
485.18005116651415
111.521407579576
57.09066897455911
47.4590015264197
290.5525634664764
96.23184423738867
147.33861774369686
57.39962467851292
94.86877314006742
109.6134824967897
88.46859453994644
170.2024471894124
112.1843700673303
55.532804507258575
123.7609616960941
112.68458038597089
127.71395645574513
224.3204223161673
139.3437954580984
62.106814576253065
58.40426874263986
473.4517555478371
106.53656663418226
89.91733061248003
123.0517644918959
221.60652080068797
41.52911650170499
75.97347003096245
617.0368588262935
97.01170665302365
63.98065429862183
79.40318566997347
87.43033616317713
85.35004042733705
133.71513787711297
171.2083633769391
117.47494113701309
138.06007442957082
238.14322389074846
139.38839108245662
124.6873499346683
114.34735975396278
81.48199647154733
184.83455955009035
306.25155406990854
118.9860685740279
135.8352569160865
85.17817045125221
546.7306560388512
56.08348871823169
2229.911359883289
53.20445589689061
383.31069781042754
104.50493819931685
599.8348997889825
163.78561214260694
92.79927545351974
224.08488866150608
164.57903217967538
225.3255991573069
16949.02880845143
90.5833666288511
937.7766952665866
85.58217856884785
90.65065814312912
64.84574701507638
1360.3512517107736
260.0533546992722
69.40332775261018
135.97521412542525
50.5155972343774
92.26384360566917
145.02139695365452
197.39005823910836
96.76427686926414
97.68841183596058
113.5874937477601
347.6135839342978
217.06061578872124
48.65221776251478
123.69265102263108
60.51133420404495
994.2065909630456
156.29088033100473
261.65175855450354
99.55178249376402
257.8719218653186
76.45235116493735
108.65699485280335
482.1665119123165
81.40323165503476
53.08241861917092
130.95581892012277
97.36963581729701
273.68589679276096
90.13205666763261
208.2434659392932
41.45999553650899
164.09993974865654
783.3674869429215
286.7156735574337
438.77582727626105
53.548947131276364
64.64232257727785
142.32818367494374
1201.441832938665
672.4907532986753
183.22205531750024
85.6348320545026
84.6621315362158
178.8797798524439
134.45638280274792
482.5153773065822
112.35890678523536
177.8361213894916
86.54932295456415
223.9286049493594
190.2194044455589
81.79733796078975
80.07674045269877
101.20074328653297
105.57214648904956
55.7269130762748
651.2832609439787
197.13098922006216
103.07669244994068
77.99649575944827
114.91524296781984
100.84968659092709
181.95335836353112
419.8592242216828
439.3447054158058
59.204874234671834
170.93985786052448
85.32009520218435
221.25865743665074
56.70272680917216
2262.291684853462
160.96834917017003
90.18970644546754
113.07543171851006
151.45328408186907
97.8876092026598
145.38688967270846
312.78936618453406
106.29784160180483
114.5469743566932
208.952463267677
83.78908731359324
228.4432168648761
34.93710236993881
536.7618930116757
95.04484211776494
115.65300382246019
80.19539694273475
58.650148935163976
81.37212274413524
56.7329574912301
107.55109668138299
145.39511480033335
104.06652686335333
138.68166453535466
106.01221721163745
184.52585301270122
