320.0
174.91578977063136
329.02604448384255
149.90266593347175
162.21605816754877
94.30516407491679
167.70840956000166
80.23642403443107
151.20113871363102
727.7014747639636
118.83856912997818
292.4629861018315
78.863915622562
79.60854856332182
56.31981221959965
565.2930291178707
151.67457715520823
116.3064717620443
108.06313673629465
67.53789841346057
414.4102135036373
446.29478557338155
30.921971535264873
333.06082434471983
430.9700751567991
276.88791957582123
97.97605617434957
182.40651535682517
141.2247122114696
62.39954767800104
69.16353205027409
47.966752984495216
80.28432611264893
338.832043717309
43.95986617879945
55.30886085984036
99.24607782607308
127.50590590830954
102.32005905722997
111.22750442971439
27.57626906185244
164.97085077192293
670.9127781829952
221.08071244058837
287.02331683236633
105.83693595106226
374.9948939069981
78.42075854528902
73.891789369203
78.19655522640055
123.2745037921259
190.44867583072178
95.15750606785015
105.72980741775683
62.31417443628964
40.43456556904694
163.87886839805432
386.39475140222487
135.50926077013418
63.11734471273321
116.58577557193371
85.2435469924213
176.69502840120742
158.28048225779438
93.72943491332883
98.7152385683352
60.954818139408985
4327.485582294892
98.30955112681352
69.94271428344172
128.3286040313467
72.83450636194189
66.19602064606197
120.03664391467906
28.0885475957599
40.98256810404048
45.72302212130676
75.70579649351114
103.27892938820976
59.792062903234125
106.70694648393733
44.22833199169871
233.38266904206867
332.2342880848157
69.828258127626
39.592998520827166
135.75202361199243
72.95078427619107
177.69670340417326
96.67254177441605
74.88711830378452
69.17588775012798
93.54372217073582
112.09254339267841
65.57994389058697
70.7281192307818
144.26418671885529
72.77464587080414
223.45536846962932
78.93976592409362
960.0336843105109
45.34888090988681
128.4436164865182
151.49238400458518
227.79664416837252
1024.2275652970916
180.62328448969788
82.92855384737162
66.89053108970185
144.71695004510153
147.0117339943924
57.51861407637822
48.94748739234935
88.8519549694381
88.30540271350031
76.46223152621104
69.59677017395073
259.4357094023604
55.17777523332886
193.16139097703845
144.53382156256646
80.87207540646243
151.04714541977125
60.877802784641965
95.6779025920378
169.36808823559383
127.42243583841838
76.07037859429107
129.2800824224088
182.83360177204878
83.84468936793509
162.26271576769602
139.62267977133448
39.167881032821505
108.32970502587906
71.92284042400912
344.66539488742353
108.94080010971132
66.94037637018396
69.34440468436881
210.6283972751901
75.39060608496567
58.21403635536449
419.51470607385323
123.89598703713683
70.29921295731047
94.6226892504861
200.8116849405505
81.63463960428653
403.52887911759507
52.73703848212104
24.61955745662155
86.79543342559325
148.17715297225993
181.79460050230827
80.48478851186168
146.60886411509046
131.01964634609564
114.8504758969348
65.54247388752893
72.10706278730844
89.59056914947358
496.352096635205
78.13154081092948
307.77596813530266
119.20809062349902
120.91675728917323
285.88719698999074
54.5431228073973
83.08590282026822
56.01722157572602
85.56500755963653
177.92133899819868
336.96591229640944
102.35285830292632
84.89082360750338
157.63552515814354
178.2594935479671
125.9309835110979
66.71830551398503
68.02858020946525
144.28936333099193
32887.164381854534
76.95663993204799
135.5132547065669
58.19860710432277
106.04473220435118
393.7431837285511
70.07405739257993
118.95215822501477
86.46974054086557
101.74130333212435
97.28449726244327
184.216460218257
71.67993883637317
453.65411241980865
162.77517679593439
126.26096098291967
75.04744355272395
80.31843135877223
110.8013551229907
