180.0
153.56461575161273
289.8145646872198
607.23859635708
192.50565856147927
1008.1480848896515
623.0799955145577
204.0927948008395
214.49797438872466
193.66429063344063
995.1444614220535
162.96770756927742
184.7609075558113
243.42566488747903
382.5134657710881
183.39421027090262
4639.65186028268
238.81123245497182
111.72289275386602
244.54786900307107
1270.9323154753577
106.43953472180003
114.01199498239129
119.064022013967
2541.436386826808
804.5645451508207
313.65824258671006
585.0658128279869
91.04988758088093
237.2344945261645
317.8881754869082
268.4700899195157
516.4435803481895
471.31140116555395
428.9026129509965
474.27468830074343
352.1277504251958
119.25700248610474
205.82822003665203
83.2713740142763
251.55521529535565
272.5265616499048
600.0285829361977
402.3404372904144
232.59742934574413
252.6237758185152
544.5360580888707
146.82802322879806
683.3504922834888
164.30372708015622
117.6603355144232
218.43477472593136
166.57133837295868
795.9492409995654
1020.7884282561635
193.59527269906215
237.2802791669404
240.96285208634436
295.18264896298143
745.9715151765815
1247.889611659274
330.50555856775776
178.22172934920857
53761.59400365797
268.2822220004518
165.72669902020576
333.35879979654425
55.6238778016127
1289.9470462845038
407.6123933005625
151.93904116059826
180.2991128490196
132.89526076808474
663.9755779120611
242.2053946849351
273.3231473107772
376.9854538735698
330.235930280071
98.6133052544655
108.04701745750991
385.32447202382787
79.30667268478837
217.01793395534844
801.2810693193562
430.6221510702126
2139.535958318995
111.54895446121337
938.7661094728313
805.6699187167678
369.6008540414794
1293.351658364716
265.9525153056217
287.72605892385843
177.09108475595102
106.40655518328104
336.76201709900255
926.3287276245288
346.076478373541
235.02941934804858
176.20109257985695
308.9631862659852
170.48036815170744
320.3805892381356
6258.457375990803
134.88360202100486
126.55050465498394
217.91993659710585
100.38218241289007
3166.5755459170864
272.1688548634138
537.8804604679774
308.2362500506609
217.17277228485924
296.6363492654573
126.29203238968012
369.72124719874387
126.4857584598175
729.4337098780871
1120.9853315442626
148.73017080253078
464.26280591518406
1343.2571730994819
64.93229699937005
988.1850151747298
127.29958487015071
410.27054841684276
843.0169678105987
826.3484925930559
144.45085811535404
501.5867749186211
370.1391151028901
145.59324018196617
231.26389906722585
571.4347419440767
99.19573901172159
193.89390776749082
174.33129209422376
168.76891483021123
256.99102682167876
174.56202893880584
211.33403661324016
4945.064907548043
234.458774925853
253.99003937213604
326.91603626490286
177.29213484186016
208.64792008212413
249.37342760285372
713.5182955230355
250.34959664457355
183.99812269460742
336.79574865327913
94.05028569945405
922.5980118709647
132.2613420978433
404.9113350004851
234.29198078315432
295.2215778079881
217.5182393947831
282.03601225487296
456.85816992871594
235.75372405839371
358.55417029152676
272.1931808064036
318.7611602293888
516.9889628601721
353.62306484133217
228.4464440582555
201.6861510863485
285.4183675217905
172.00302079103486
1733.8320609487105
364.76990214765004
270.72123788922903
92.23484681481564
587.4175615959745
194.13844344886223
194.36225761946497
218.18278867819816
247.61134341911495
157.9669616942184
480.5071139306969
145.17143389040444
711.3550969369508
435.95481515884103
3778.928988523526
3364.738085178729
129.73830444118437
301.2780056691568
378.26188042864436
299.19642603321495
113.27601411815043
163.6451265239529
176.81487666432386
3247.8794337792133
725.2786471689503
202.85839136686133
249.94970559043583
112.80269085903436
181.94080488922822
117.12247464382136
