320.0
214.52426403163403
254.92872650815747
244.18124739577763
100.25766322701757
162.73270761575859
73.20598522446264
79.32531950017078
62.566405550159345
106.49521328492973
118.69494154606399
320.25400907075556
147.3810377618462
60.61383188590931
258.9566266320699
41.28002495511176
438.8954635277492
96.74698184461673
95.50870238592023
163.30675329941815
175.86365533529877
136.55073022697502
693.2169892324608
837.4702180227345
76.88858921836827
102.73576021563404
112.69240190464973
141.22570527386716
88.800941336628
274.63645657961723
301.57226074615284
121.2801853677581
105.67834420341431
57.161561498950206
2403.1606939635635
71.84856482843308
403.8733279673953
434.4999500539373
519.7232346651556
96.56399286014084
51.417143499797646
120.40438154045633
176.02922832520414
236.78452512566514
5624.448579073499
261.62763937140073
613.0402689402251
110.68229374028684
202.68411733512485
214.17344693922837
66.3142112980513
123.92106291051826
394.98007326329525
72.6875581142058
150.2039347109213
174.64652047364316
74.59582861426432
105.44662428502757
105.97228657194411
898.146940664032
259.16024301358243
122.18605222930748
169.75639835261794
61.392498297347665
158.77871137094513
97.23887691692862
415.72078799698045
153.62016946667848
82.76262055675636
151.1888053012169
255.06041898846556
61.98142168463792
205.8665179352222
77.09416808812396
805.3646016336468
306.9465077216649
222.1770369620245
853.3938659140008
147.19297175751794
70.56729130134599
320.40313751318877
94.77164296894543
64.19428701205543
96.577317995002
94.06803574199714
92.47169137683696
344.16326844676524
4090.2989676538064
111.59848177945447
144.54199838931737
129.583558177693
173.78579063058345
162.45790280411103
477.6312459966377
116.62807652625703
168.967542116413
126.38149162674567
96.60722705098486
113.62242114737639
190.83357844858614
37.20130121054745
123.65836541782805
2325.863580824985
178.13721419096424
3043.5223732505674
293.2001004285783
208.803290476453
99.78302903872576
177.39729677104154
170.67148388030952
179.40126378783856
65.81330668921129
53.17661482248905
130.20264411871665
176.69222384438993
73.51661464104674
125.12906846244806
448.38716273419317
125.75470937236051
124.10438124204835
100.72521693317037
142.44714030451837
147.83047886641162
75.61952917010554
190.78234017645147
1458.8246309842878
187.84695449698887
491.36278436154464
721.9596756161039
120.5004984917593
274.0435496209151
2267.94685029692
140.5127506509824
140.96254954113695
267.81795169959946
37.5784166519226
185.70107223373537
49.007812709148766
353.540316504198
62.27970174199327
252.99882042510373
281.6186535483714
148.35287740293384
71.86824679111146
85.65570337269614
98.25588462657413
2083.7669767053776
202.26336466457053
692.8708676135752
56.774986726280375
121.27663820380765
86.82125657549147
93.83035955254455
67.72252620388711
125.81551432253677
151.483254243438
78.70189741961472
183.80460263760918
382.90799353501313
91.91374196170848
153.79908314303987
131.8807951881185
162.4924637448211
122.94444600128082
719.1193871765943
139.80106905426098
242.4086713509188
119.18034943356075
106.59828439464461
66.85141313317982
74.44785226518358
165.55209874406825
113.00183692196086
151.48131290493217
303.82908107625747
211.71768101283473
130.08157690435274
191.1883259246155
135.7749981912018
52.619500889343385
91.365750620961
171.70896273595494
583.7729184738863
304.3145214723859
838.2869892471402
81.29110654345986
2483.944881877384
476.2893941936065
152.93770126646223
100.64999383964121
73.79393524236033
229.30620602613368
81.940675860063
134.83763146152447
245.73160217506495
131.81199446676283
72.03029217867272
48.911537036258615
219.5500162534025
89.51271584320787
309.08769546383775
