340.0
404.04760586869986
80.8636659167391
114.54493961477151
221.53448096456384
66.6829984420751
250.1571551839426
144.8632986756694
139.69562707575625
97.40729296317198
101.46249106482072
212.0867175155113
86.21141982446373
522.2872667702597
127.85610189207553
2426.9429236054702
255.01534343628944
96.31898899061095
53.83899415015405
86.3986241199127
144.84732158291854
326.2420643708941
148.16354889935258
141.67167051257496
60.45330966918674
116.9519221769292
126.8558804626714
410.7612857026556
141.13335516885218
259.4793771345189
241.97328370050803
184.651056756352
158.59560495254945
165.43688691203508
127.09690655727523
68.03038601024735
148.58544028714465
81.33784859268741
75.91124917147737
61.898695420588375
798.1832657318545
126.77176645902388
638.4023660166074
99.13786722444223
354.9954075577682
61711.388530842676
447.6511789249097
227.38721014943428
250.5365389401889
1070.4745710409795
302.6778034806851
48.20645782053352
109.78881512068715
158.6973577281161
90.03956604927234
144.40237764280386
550.3276264036085
93.19740655090956
86.29853734505598
538.9885637921756
146.26276225397345
196.36778629929856
96.64789301655459
192.2256827385308
348.4467309181383
238.89162585266016
185.92762643975414
136.75117760582765
168.25737800933896
173.89058526057633
858.2675736501274
205.83079593937123
74.96046479944344
58.45174165683258
133.77479298229022
678.4189132237072
2061.174366161283
115.56751108438385
380.9864622103705
1072.843728107824
133.54989386434988
582.2881004139202
58.459293600057244
155.49681853964225
81.94795503628968
1167.1553579223662
355.2566768861248
116.44152187262424
75.2334269121433
150.57087422330125
40.52308045455423
136.86828162065422
961.5093942535935
71.10927684692861
233.94555712042086
116.8172041860702
40.94666458954515
134.3698692475152
1570.5486270943238
125.88981976065432
152.75536138403893
83.57461850278261
235.2315042083792
128.6539929803188
56.590998414999895
1744.729622508411
99.5575779320496
107.22815366095648
171.40414607307542
84.39218630945403
145.3497626405572
53.11174611787565
67.86908921866059
90.72375678178726
83.71382156882834
68.7960818373481
286.9093206885218
157.71041040138994
49.46964359055194
133.03887377740207
287.51287570575846
68.9489841154074
154.8145186536273
952.6203651454429
58.808116922220826
92.81049716013362
148.78847684272566
909.8203443053359
488.67548374694775
97.97953719655536
120.29805983092689
71.81739049445545
99.35160328757962
72.80116544039446
142.1556807997101
140.74192150131387
98.08921499506255
93.60476731784796
1298.628162351211
202.06765526097854
93.69633353615956
965.2719699582423
168.32353865039707
147.55203550891846
52.21481787957883
77.09640592761971
1252.019277109689
88.10077989918501
147.36004325544914
129.42544796887296
78.33986320896163
156.63223468752994
111.96917682615832
227.82512396717084
175.75778434832898
262.1341400361441
212.04515196050895
589.8998294150198
115.21913017616207
180.59950123508492
127.18072017849977
1553.3806592443004
92.98614998322128
138.45582645761928
99.400018634216
60.72906724891419
149.9668356308024
169.38936399077642
313.4918987087832
95.92876034045543
221.88347205826557
77.55887846026882
116.5783821484194
38.07387485179556
71.74601050619083
146.88524698882864
521.8578967534152
107.36599804260452
179.09355356051822
191.35922787141203
116.3835949735649
201.64614590589971
795.6585718229861
113.7757960827267
67.3298228510983
311.0429273701835
185.13438729760196
81.79299955667283
78.54897710775629
107.59991632586811
188.85377691504357
318.1788560174678
266.8690140324884
93454.04853134633
390.94404601942455
739.4562249252214
74.17949984330404
127.63537747519149
166.45007835495798
125.00627435852874
410.8191924098162
