51.0
14005.596824783994
1407.4460616347906
1992.7048287701014
9353.39466737545
231.95383995515346
2032.3143021284313
343.6666577770298
197.89930750385406
729.0156432593338
659.1571567956988
2177.061543000661
631.6086966590374
263.9189393472228
213.9891638888555
353.35368502237145
482.9919638231679
1158.496858339618
161.39749022994604
196.2944272682274
154.2438638892306
376.7555821476347
229.7083160315643
194.4211373788624
386.08390475723934
5158.4902264686325
18178.555546416883
214.62973389894566
395.30932079239483
792.088484949699
2334.7994602219896
820.8197178422126
278.2988739422862
270.7937955677605
2113.922444076942
921.2524141381184
1499.7030322074675
337.85303514213615
482.52262134536664
228.2341296697545
348.24856021160457
163.63767341836777
756.5030474494781
2010.5230238223253
1586.3019390364343
520.4549419383569
100.87420854295446
433.80936614028076
1042.8029112600755
193.3485612123161
730.5907577621246
2162.067401345381
85.01368806945258
398.70149698987797
858.9672802666014
2910.3458634688773
83.4593765275807
584.739683862664
1475.578754266424
298.131590514385
341.662721574929
266.8047828231635
376.42684082368237
315.51373899281157
354.3786228561239
128.51229623853996
661.8897041788331
4379.713261806137
360.9152334637514
787.1953317897542
524.0188558908434
266.0639892756372
323.3339084938531
585.7841618765925
276.6721779538443
843.871142576324
127.00479544267212
787.6573148719601
399.4195666929025
271.63382349109105
100.72241415782939
4067.127363688093
428.9834460278138
130.4995242249955
210.7183505960006
13863.293946107453
647.0646809238309
1280.8235463563121
854.7746592246225
582.477215738079
576.512541892867
448.71551352606576
717.1535673970985
183.96573429557904
324.9988306009189
151.2007693974173
314.60654803058304
166.35000269802458
333.2095318853673
1211.684130613257
99.81021392092286
450.4600338384541
228.22399010570672
130.30394065334778
959.9205061680694
66.03942417061492
105.72420745596517
228.2303704525308
1542.7336801510312
5034.955766436164
1294.0683007752336
202.24463438653993
901.2758980478545
650.6082636792219
417.3966782168368
389.8334641033546
189.41562795756357
7135.290881422733
358.70278342385086
587.3242921789694
1114.7980724914746
1142.4433410136105
518.4274469833435
247.76087789759706
208.9891243748752
935.9145225338082
4209.567156993325
1871.5875954586293
311.1709136270261
313.8483929618826
1947.7950477299216
558.3442900420246
2428.51867252285
217.61739169833777
264.67466879899746
2093.376175278236
538.6805892660676
311.5280481559614
1292.0499580634341
293.62584866479347
805.3226949951687
1418.2881526619865
831.3652382830522
810.1818217530787
386.14376186387614
107.80089322653438
404.771053946376
495.84133653976846
812.7343115724988
317.0432721953613
3554.5847866620456
190.4128339273337
252.14864789997998
1327.494020462069
653.3609572533915
991.2866011960414
792.6869104682187
5394.7652577211265
7358.361194993363
784.7457031983951
204.83729151305042
306.59214057058233
992.5927031046713
303.858654502287
473.3325836762728
897.0270397327475
315.3830447773313
1359.5846540147143
472.949215669165
832.8908182597617
663.1816243960601
4528.596672700374
226.4486250840124
243.51829520737084
1007.599246624906
972.5578356157334
13182.025922707364
4205.230328056559
198.43924285376917
370.3335320749082
388.5262666457479
558.716975293543
700.8169808452313
206.6676869265541
672.3345331656677
538.5598373553098
884.1794504957236
400.776463254293
271.48288699801464
350.6967942209792
427.4176123564561
230.03031330743798
1082.6759103104314
227.01234192259056
209.78701504571478
337.19179207466186
1410.325095127336
181.8069208306496
301.41505774711925
244.61068228389672
136.6783383123669
