160.0
196.60928915175347
285.23379421005575
362.9605525613449
630.2229947103888
2630.808424223391
235.41103023874302
184.17860180514944
229.00805814170926
605.2051257918664
899.7753016772589
147.9756614808922
1260.7834085332825
149.22168567797027
740.9304671483229
512.6218895922539
1599.9177642134807
179.9293692228261
474.5957427182353
332.20146737008247
356.5790926897992
691.2011746938299
366.6388629696098
381.24640190390926
518.1759878242473
145.49203855710428
176.05705034740765
261.38035730597227
88.21150865170647
113.85132795293966
279.24904788217964
434.06415996000163
125.52657090697232
2714.090030993568
361.6461061548754
166.0714953475953
150.51948739232478
368.12696115562835
2390.594598561059
287.57149724909607
203.53987292888036
300.9514609636034
219.8019306263065
340.53902880095654
392.17036948040175
1218.306329559159
741.9316688009541
421.5826608011969
738.7788402358146
255.9955423927798
169.8869320558127
454.47590550553343
2064.4241637816767
789.8161709653757
208.35327132964335
279.3987562888851
298.3854118009598
583.6363724488284
330.7458911888414
89.28240607831914
1208.3850708953555
96.96561909056383
378.858347629733
198.8000741839595
103.74763196487609
296.91143360267023
177.51872762167508
152.42133395142866
222.00374892644922
283.01366063582964
708.1239082141573
161.54912276273967
521.3850962530477
696.475886849215
757.3798242668386
582.1051527386808
976.6450119036866
297.87943749993883
351.8822079258438
3879.88443743871
2022.6198130007463
9024.034351825943
189.84965614941723
201.116587835911
2008.3625586673706
198.127895254757
837.6906916441819
214.5344288277738
382.36186892787805
214.97449258151892
230.67283185043428
256.58104815305376
1820.4993355987235
415.21703042487803
284.1243887668448
856.371301482043
514.6687163792344
188.79668725086586
946.5906258976357
622.9891809447187
900.3939253237676
306.02085681826367
11187.004028940719
421.41950170542185
296.19075000749234
362.4138923746782
338.6218396895693
371.515858564266
1424.981998262459
159.35635357460117
296.17131936395174
199.69360237502988
203.03304156334627
228.30572755651247
515.6437427536879
163.98301038835535
952.8349143734697
141.00950992318295
1054.3435168363042
177.745232443482
2530.329278569561
978.4876172850322
6215.398972816452
377.8823620348274
1332.5404138128274
336.1359921244848
2135.434439933418
576.6228651315463
257.613275305235
859.6132201607206
583.4805484449698
1029.0580777717623
285.6057355641072
136.34863233631137
246.6791077378565
139.0576668541571
329.940337433223
297.95820816293246
270.43044343748124
1232.2794046305414
435.58521464304494
485.191928756364
257.7694133949509
229.5925286488729
292.25875502525076
656.644185375771
282.0420998643714
456.68682935845624
366.6043881141637
166.4235685820442
182.73770934847914
390.83479650218044
176.44152003542715
161.696221431076
333.9062532693132
299.86207537980255
552.4751727863065
346.14568351725745
314.980945954553
164.77641211199477
590.9633923013112
226.0540176819532
294.9013073613016
477.6241186906549
255.3647903970905
240.07013047077197
276.41457862967303
733.9903589650112
239.77202290197098
251.2981684953691
251.31398398124065
88.81309103563797
329.6360111471616
159.84260699002948
299.56835557516297
161.4607166521659
591.3603783417196
277.43140567470755
1207.2020824734923
144.25464702828378
169.4931070988998
226.23502540432523
458.57236596899384
183.0432762721363
324.3359091878879
145.47804307288953
155.71448376836904
343.22914406198385
5847.365249450867
169.48248256883053
129.01550440578154
344.8182525556342
193.2606056241441
318.3704357127984
688.8878226729954
405.3504921275941
101.46421626727415
370.7762970197232
380.39786327467573
939.3444178322543
702.1882588332642
