220.0
115.35054785115773
305.6671567206179
281.31626663253604
109.06855325545719
159.4328319204841
330.36323294594206
1219.9445461402124
116.31236461358033
505.945663200562
153.66019296232255
81.55617648988749
177.12118753090795
356.63469474842844
4617.023090939656
282.69076247601697
91.45607086629732
538.2154549643092
867.931463622641
117.07588424986284
139.9029624522046
603.2342371572377
175.67100625785426
283.68665320964874
171.48254517274768
1054.3833162251194
342.96912034289477
61.73553852910707
136.11534165749015
266.47714657639955
175.87779805288042
410.1119792911774
232.44035098437305
139.857568087885
159.06691592209665
124.0242606414938
166.88551792858385
218.58918583598032
108.12575592652429
106.86592064689114
517.7248995265046
51.074261275207306
110.80582273818494
224.50438924272498
240.58839329545012
96.65155809551977
479.84402238512564
449.8503825427343
63.2030718076238
505.0760806220296
382.73611220586736
189.045345508546
500.0028771430692
123.31337648159018
109.37272188082208
494.46068546158506
3496.4462153813633
128.13911928649105
145.072524135846
1197.4854426273148
206.69138350191426
327.860749961331
318.34241156918165
1242.3505094986663
604.6745260200859
199.64468149627734
435.8661540459664
412.24121119348484
331.3387688482652
194.1093178426534
472.1886504072309
227.07434855440036
310.0904101143796
119.47232771443214
121.07773226648752
161.58800513121946
358.3337426160839
83.42613420428712
208.6655954290129
68.6730365235376
153.4307271473009
199.70647597976202
527.8692365730917
104.09567557863126
343.2694235680834
291.01799619420433
257.00851933338964
244.12387179507553
617.3300299356612
306.58712635473
755.6847655043837
113.34129251550776
205.8074958358836
107.1036015321077
83.01241235809448
971.1889041905546
154.07216560514206
189.40097297750287
331.5063123344152
314.11960476859565
110.29018825059072
523.2003179170988
150.2376673737606
106.69935325666485
908.2162904653957
662.6992823056879
963.6240793081693
203.5832428168254
202.48608151979934
244.92794006983254
100.06236466198912
110.77593274689995
227.3430907179153
130.2113629671272
197.63612586494796
520.9116912041701
237.83198764700447
260.1080053488884
156.2776179505001
328.2439470179656
500.6740070827194
132.5124830547653
353.8190918940023
139.5922062157698
110.5475172563358
192.1406298722948
346.40738602648855
508.1258778173462
117.37568888798825
106.57081681334873
87.33395498005714
127.55783364244434
199.17060104153455
354.12261891830155
103.99021874959311
300.51806972212347
123.82851973741657
107.50110288869473
211.1972870441982
214.42967505909021
259.770585161788
235.17266221134741
134.29334128799664
172.77445385810086
474.2248944960641
251.36877249107252
317.588600375376
252.7517490832099
65.75774922869266
82.86283301595019
328.88102227015844
71.4938799655825
158.91821120730054
154.64931109901323
148.72369542767686
285.24438882360477
600.046865146684
71.6106155935432
129.178060986463
1689.5053070065278
983.4030215042727
192.7755552127589
1122.1148418370092
690.0582104355649
262.4331015652294
390.85921962914165
216.82784670417
335.92680995637636
102.40212729512935
174.0745351852461
144.5506176250723
221.06296094861503
135.29614954414828
128.6163542966569
139.7350922068193
192.94046309669858
666.5001020501826
185.99864931437963
1275.9471139472453
155.00458327713764
130.22426606080577
176.62297515173893
1026.3726150015657
730.4874576737683
381.6732858488801
164.852447041387
366.22981051873916
548.4606093850122
204.49237127298485
251.27840674209224
117.83852557083962
238.70763670429818
317.02796644051415
228.99359662179367
107.98144315728729
112.53457397324992
248.13810536996576
220.86602979064008
193.91693392020446
1569.326704203391
150.1683442187644
