52.5
168.64252270772312
106.60520082018199
80.27797483388066
61.844561888799
122.24100610231129
210.4213161627088
2221.2356452292797
201.9782149629474
84.52797872910182
70.19684880278939
156.47494517753822
42.9950167143022
134.09997155088303
775.8087798841719
86.49143110912925
125.60662837957652
338.51374702109007
131.56669627316998
269.8013952127264
78.1370057627241
100.25216522549046
135.25847809139805
137.13174596025067
201.85805809868194
183.2503462160704
363.7731321849472
52.541262492181
343.19804240930176
212.28204151253456
219.26995790755888
88.86415325080029
1990.0372200007714
81.5974046338126
615.2266616672275
644.1422896693318
216.18865553982596
120.95798148774944
78.1839511815007
156.02926515803253
78.95461836987964
146.84392122368848
121.21644152595003
91.71076945274511
66040.49645220293
226.9249155768831
418.69681908211595
94.63436362086644
327.92071159756915
2215.804666527953
173.8421545729712
883.1226611161376
134.06000110648446
2956.428327733122
72.05204791020985
146.43819568421614
182.88128914626472
48.049422865084985
144.312260185929
111.81790573986302
1136.2964799240694
90.0317035779242
212.2796792602794
95.87226934015888
230677.02886980138
84.46980247916694
88.07281390650499
141.53329147073987
329.62051886877623
145.13227483170368
41.20647293775164
88.02368814734186
244.97936967459663
264.18598425635014
87.03405021389642
245.25503613939713
47.96477056386532
298.38952467036245
353.75130635287485
147.49723034878048
97.5870037590956
90.00543186520648
85.30242641869866
69.91508300370116
86.44242848152922
76.13512491925611
117.69672680761484
186.42994409134786
68.20059376761824
53.38489863341976
298.56930775506396
335.70593137537963
220.26834339257263
55.30974640995728
271.4989141991696
244.71304442546463
56.66247251266668
347.28268066654954
150.2207152564494
147.09314359241216
353.489172635719
60.96838536744816
88.22516371184005
142.67089580556149
78.38033963089163
445.55170867759523
598.0260093508776
240.32391290365177
227.7435112465818
96.2116193420101
240.9820645574695
56.72065958816964
549.162567501044
4369.49147793334
334.0020581460211
79.23445898239017
221.76450992228814
185.00506862313043
243.13873164307068
78.06332539987226
604.4870647031205
617.7881614668241
89.94345379256467
128.4125639138904
145.83545916814262
134.30398325415484
118.0828001801469
119.84798735163092
70.85397923682108
80.98736366859005
126.05742850637407
203.69828791889023
156.46032480983646
174.93757730913958
266.5458600143015
77.24724370695952
330.1115935952939
80.79017163685045
589.4795407896785
595.467327365214
440.51723853878707
92.99953892480468
176.55807113877057
597.0950173432936
152.66741889552603
175.365105233484
93.47465275987565
139.6745053164725
962.3744748566871
205.29190416790547
83.9613902371387
76.54379513115954
47.227205689761384
81.88653924914715
251.65698050039157
220.41718812193372
961.3594159104907
146.42629388919332
830.3379494799315
251.32533817304815
113.67574623527929
54.83558247004633
110.81562417376966
1081.9634311378566
205.7222356022209
91.77022223785124
261.5104833434196
142.7863063706911
287.0601644750275
127.9806350778065
219.6473516830108
704.498657732992
79.85429948961097
110.56071099826917
90.55934659752714
46.78458353992296
314.1128274468446
709.2522739521849
303.3901528531253
246.34027264164916
238.77170803025285
4685.540768835434
1114.7739998062586
150.1961343377097
2832.520495034908
70.8954336567386
405.9427625952956
168.30848370341025
53.93689581317908
357.97055103273897
189.92918326136032
74.3517917173818
163.74417031262323
231.09329424069423
66.2854109157334
204.32311365177597
129.6686825861551
10356.952515321847
704.1981295969565
66.08645706923384
635.3434960521513
