260.0
108.30248729367867
203.32232328979686
115.941843034111
490.7727006863403
83.99762209371161
105.29838258979424
2663.4235495551757
79.64381036935173
228.308373541415
106.64426091591446
3327.7627688716043
455.5454459419764
61.31566878313174
267.5530527677374
61.9024511944519
266.8912405935524
73.0681879496813
67.10852943796147
142.99741159433816
2301.0995889936526
443.98246095853983
67.95513179212506
111.65689330517588
36.71352077956048
2422.5980611293926
330.1964437415662
44.90858950790251
79.635153962835
64.5250916261599
89.87497096341855
208.23753169913672
66.27506027484007
71.6330904006386
57.33193180155197
91.0257031789882
75.7192199933021
94.20492662317479
82.90825000343337
202.5230838261747
86.13739093969231
58.36442866820932
59.473450188827826
91.21243665602522
156.96401088112168
66.9548223422428
69.79880608754806
133.61404785394103
75.00580340196566
118.11891314685954
158.60769893127048
94.7514559932573
117.11049544575599
37.80840462778403
60.6296082555959
67.0780364686972
100.4344425074398
53.226306491976
55.810041517116055
87.74498278909196
89.23653448691141
70.24907562972331
260.08045332837474
71.57973946564911
254.35521561237798
57.33415099586784
108.54426032544997
125.32512030879403
1316.361272228994
292.4290255033065
80.72381975433372
66.79646456871254
157.92454017780145
111.4712596740254
119.29941950294706
151.10652692100058
93.47675786320083
75.59757659728993
85.03934993008713
90.73086737182864
248.17331688853102
205.76003490086956
92.71312169039136
44.93477988984515
126.19749610015575
323.35101125470425
342.4808507576172
203.2311037340991
45.65315094179281
68.3116270092086
88.05737514309313
57.005266157266945
193.89174747847738
78.12678844884293
543553.7717161495
99.08269871863905
149.30910862074103
260.8090196323462
119.42804949955143
149.9563887111086
60.76979291475905
358.6206883631505
243.64803298044546
1914.2846394644157
68.87513265134176
110.15011253296468
108.47106285076107
1615.623429241213
106.74234509109758
76.2219112645482
119.28900168611254
83.79936026750103
103.3595179007204
110.96449176596971
127.23978993774817
127.62205264179524
73.6996740251545
182.14072065663038
889.815929244048
199.26993438216408
619.7971086722085
976.7689605380148
49.61331262162128
68.37369689835585
65.41171142274578
42.91235522348962
118.67267758422794
355.4970348501851
54.194524390651274
119.49567276962219
93.11628764256956
73.59958495611944
45.70907365468142
120.0738624292212
113.35744555210705
97.05732425730599
87.43502042278752
315.45246434320757
52.815072979951445
39.48023435797231
62.56555741596529
186.96958908014588
83.30185972408624
79.8954494061236
97.60106158339859
131.21233405367724
132.12737624513704
74.74318452611169
57.09731263998733
19261.33886984111
53.797903822601896
55.030834041371655
195.2621025035165
442.77809755018325
186.90052558393648
245.32103390627228
62.752763222137204
528.2943585655476
46.614367796432106
316.1692132280185
178.5483613534914
45.28263054574558
85.94618557420038
41.37858925154626
73.27854554836247
219.17094265007938
96.97798819506028
66.30167133078795
80.30942017112389
406.66670877284616
104.24366978891275
60.300911032296206
4840.533610275459
39.99880100997781
64.52869721669836
76.61842797739513
143.24926090387467
241.50491058357662
175.8634272468751
335.6552463319631
98.31181308096532
200.4858182455469
65.79805967888673
148.1442622442391
100.46483648570369
56.99217425376243
74.81090619303527
49.86104643500293
189.28388724992644
87.55336322023837
468.34651071377374
66.55807677670408
36.96124281561134
56.372292640096646
99.04449477377362
287.23104136576177
75.98929598328482
104.03965817873032
125.62299601362616
145.92982423410803
591.6880993342256
