46.5
161.2952402362833
856.407448578185
102.27912073825219
235.64066596802803
142.48621769408385
779.8239379069472
486.0821118237914
317.31490568065385
137.51041375070102
3356.255863610111
86.66857327691443
85.47126908668798
267.4450368900205
324.2866565811711
637.810923669925
319.066543792834
174.9079439412934
75.89545042044429
176.3777585226931
80.71524094419738
1159.210676730872
714.9089243709387
1184.7137874603306
161.16957775561224
253.9043698446131
212.56199115534093
86.82800749419123
140.86660577896498
137.61407546031532
999.5572076393869
93.12930679970623
2874.2035622887142
73.50531542038838
963.4134406927105
375.5053930944064
243.1479614947392
125.42125059150207
119.54524209784475
448.91399116375027
146.15225242553396
314.5240244798107
414.98018251491334
92.35355748616868
88.40976048470326
159.29954395570454
157.2727065728025
179.80267906526606
113.4693276903609
97.84646589362079
111.91912263370386
185.74860868117094
133.4578278876046
219.40055363912154
255.5512543687849
319.89852436045527
651.8330264914212
203.45360461378826
169.1302279035463
373.5857034070737
185.3254347037261
244.42307492120125
628.1805003420759
42100.655877169804
81.38617637247923
2818.477863481613
179.79001013557738
114.86273499484514
95.09886370176905
849.821054143619
155.12214230667593
324.89833158902144
311.4930491597277
215.7517083048983
178.91271053594346
603.8934137059766
145.95101247466056
465.3851179387356
185.06972087722198
71.56010352117983
157.96769367350458
252.80343823055014
115.40219198469372
139.01840898070523
99.15382148684394
76.09994471529629
296.18974192521785
151.73830697011974
149.49761739581942
332.4588010972468
163.79074263217368
127.08377383510509
166.05995998645366
446.53104218217413
171.56392260993067
333.7783596231787
230.09942237127476
109.343396501809
127.64378760171623
280.00383787422015
331.197580900522
94.540824701806
113.07010473115778
92.93715369752103
174.60004699520422
349.06228535683687
86.33875626873166
201.10520651895646
230.77844791595794
83.26282251118505
117.56657615727745
1103.1096589975516
365.3194637561694
146.15624880845652
269.7727388472205
90.9034506757237
186.20944450584355
417.64724007497927
158.5657391593841
244.99936596950354
141.86949797519765
176.60322632301592
271.45836217176816
102.74408310433529
174.28299690829087
96.0155536822436
48.170662359484425
871.376382470409
145.1825716149947
235.54001454465157
80.42645417269509
95.14984236394386
257.2861588512641
651.7215726885588
238.85098841917042
442.56004935296045
894.1528022632993
341.85453907292725
401.71072629773573
161.25785024607032
100.73876830785325
366.644185728573
90.67194593363693
158.66612471628753
273.56640456392836
82.3594067952079
92.29458128540175
183.59572975259147
317.80596326917384
63.14376176849211
142.01777412428186
203.99116369624642
322.60511027927413
175.20951773344984
149.15858640081763
126.91794561992704
66.33278017692335
106.88265819799584
251.66217543986838
220.3264632180444
362.70390747548925
1233.7936505621458
103.7252339822458
136.81878534292508
150.05327702295304
198.76535023435298
285.2444084598404
182.9788674594888
296.29599251935275
244.57619654581723
171.52350108150105
122.06150671252804
97.9773588975983
1188.242285982702
342.62642319004146
278.2676680916916
903.8550467705547
301.0985325078807
90.84918523180289
286.6861272518758
276.4611774613389
383.2477393465087
181.59158056699695
97.17784831257089
19724.926958816868
186.4278797453456
333.2855290552589
236.38369932761347
183.5133240995224
147.04128305237077
325.24777815399693
105.0209684802864
183.82052145807336
3468.947287788662
170.1506411243214
83.2830239846406
225.1966569314565
101.48134709896067
229.72487883964774
112.95616778366954
204.97459426945787
