260.0
94.82809049112986
76.8356786492154
125.63925733652968
124.43278255075072
164.46480757561622
101.4657715877803
102.5463293579312
137.06044746942106
94.58376019035963
222.323394361389
170.7267515618621
85.29680976341271
135.24322067340947
320.56351712662234
158.4982044729554
56.8936618705715
148.8260219738124
73.41553643749648
141.25529017022834
103.46873147615379
338.54416516622064
80.87069206495921
74.08897577071066
132.40452675719393
109.47914802077372
449.8829057437888
338.472061496213
474.34908038527766
140.88444125024594
79.43170831322911
685.2818001516729
126.23720145734515
56.09043325592768
118.96833122425762
336.1590775189035
90.22460481038381
336.3214569640502
2272.031564037707
56.154708602189615
132.22600421429965
278.2316281489348
179.26347233145796
115.18098361887886
76.17061205424824
77.72728364088324
96.28512477698322
385.78036086943297
473.0337210918029
108.0661614523948
50.5898683113839
97.22525868869377
74.14695134429938
88.85948108073524
160.52626842730854
65.04954410884467
78.00751670730514
94.69918597704707
70.13191545453992
60.24116259900284
296.12535530540043
194.62793206306966
131.0746359972315
239.0891164642221
114.77829216936844
95.17297712167846
741.0875088849298
123.67839500585524
1972.691674111043
79.1090920716558
170.10491897406214
571.2467803586177
76.05700431943696
259.8771692373406
179.66102175751513
137.77619137870497
100.03603649521166
70.13304427662882
117.08868807899987
126.41035626429587
168.0508214663225
101.74853461130901
292.8215077958326
81.02282331580517
103.02714368888627
876.1067934615228
1175.799956170308
238.49745518289987
110.58481402163046
218.09756882982825
106.60766996925453
337.74285580981666
63.05372260333034
125.1471805437784
263.6623627729937
421.279764695596
90.68589344377227
141.21080478445597
69.29541156417461
89.79755028499176
95.25871002755179
90.00246141996989
141.7147798809972
224.2903587895256
708.747436373181
85.21061261547851
89.92813912771112
81.78324334744174
96.0089373296203
275.8763685691869
1000.1455497746117
207.86406365368117
150.54787593450538
109.55968877950836
196.18136302281687
69.85377168445739
189.83601634911048
58.17298229541608
199.38668912061527
240.7172289664297
413.8715092364521
145.6496813066715
180.04336897064266
83.29692859597742
110.51934929928935
272.23523353658214
836.5909508122796
88.13527965755074
4098.421025033982
117.72269422953842
46.45088315293431
856.2730161029928
588.299910962496
176.64843113589754
114.1016010905597
65.11992059300928
394.25868291144644
262.539776858718
97.40423341549335
81.46566678588333
75.23111442902547
133.65780549106805
130.5085598064259
57.115238453297785
68.23599839777273
76.89040999680739
988.9069303752715
511.4249687458493
383.7416514608028
144.33793831753357
55.44483964266071
102.08516447632896
263.62908801067834
58.20176865021493
120.15653479416899
80.58764265531028
35.84960518104356
149.33829232066068
2877.399185316007
2244.9842272032556
558.639469767717
220.73144558554273
174.7482293585886
125.03719480188775
195.56814216081352
405.3259758168768
92.52612083340678
59.778535963187956
97.76756717180187
384.1153787090739
58.860167697822696
167.12345464606875
89.15430943261296
82.83212718676089
123.57464894872268
123.66279774994925
113.14925712783486
2114.184288551505
472.914008088823
52.71225116846967
130.88754102195725
262.17289684999486
90.4611644047948
259.33117180343214
125.61634780688112
93.16654285202424
270.34906550337456
33869.13340922893
95.49968046620371
64.14028671888661
68.86325831397806
149.21517094061548
94.18977069576783
812.4312908214446
1842.2768906208166
134.15911651731423
168.08944544662626
384.08237823472
132.97980984280764
123.10902569064599
261.7765966520939
