46.5
85.18856638654898
199.7114769140536
134.93609472052586
161.4271293170209
131.71400412496175
68.6328041347667
191.2413894579332
528.127884429131
191.23004968019114
206.7576899314812
116.61883548903047
90.01347232315995
181.1068926228308
99.6000963248562
532.3170965903469
109.31452051669189
43.48351407250557
955.4857139873608
152.05615313275996
169.39953116109103
130.9862375063927
53.3211638953873
2017.095975164276
126.72485324426675
73.83724586528346
49.09040735094513
116.64250886364941
270.4281169284723
545.115069256136
162.93326191173136
127.82093228158404
206.18193930828681
254.3994022950598
199.1368603464815
102.03950117756608
86.48276910596427
94.27065215898139
85.84363972321147
201.1435261180246
126.603343140514
145.70968597644594
118.33059220266234
108.93321766934216
171.18308094383633
123.87815809524866
47.249082794142886
42.13098307228795
68.42241906946485
1989.0298471764804
143.1673486467612
266.33071350032714
213.11145700137843
262.6513741686362
152.79995292253346
498.4201169325398
79.30387255904034
92.0006647772165
75.39472442229233
480.5728697774606
699.3649392544779
260.60769573171103
77.7102142931063
234.2035117418487
139.48315103704323
55.446258687875655
141.46897960212019
125.11856386136371
71.67925257096877
250.09541342066333
68.45660812647878
177.61875561598384
164.8295737238116
289.5130284142903
98.79126483015519
72.59549306633478
87.71464088207205
99.87018585714526
95.52286000484413
175.5619309986228
133.22175670093472
71.72772360100883
113.1702139155759
66.95099706696939
311.5231713510263
276.1435589041441
220.8881033648142
913.0323899120257
204.7075309318754
2452.3327721918004
110.38404162738787
86.87583730216166
196.6158905192196
838.4194946096458
151.24425427695573
58.59199204124648
791.9476201634318
107.912749759641
79.86618622957147
181.69920559057732
259.1890987987805
839.0409209805586
116.71292459158298
422.66311188933815
75.82213122948838
447.2576446608368
168.42259522977434
118.53999840058653
534.2201227978799
119.83987516892955
87.36374694863098
145.32969424007518
298.76517505667437
251.77082135022695
206.5004913648584
211.25616493580586
358.9741605981206
137.0725224405525
228.84689655747536
494.2376689389576
184.79332311139436
66.44648551784132
154.36425265668237
105.75307900614175
97.52314473456033
61.92904021849888
177.13397846631648
128.5961163047777
119.64595972309448
144.24574163771027
101.74348314961424
710.6456554276989
166.632957299325
223.82201518101914
61.389525807849736
97.51904006371248
95.32310030865493
132.2555937376099
124.86436879486331
156.8958240726164
282.07427451315056
77.44667319050309
285.18227531407433
136.49956950733713
96.99058768233468
111.07870140401842
214.6322051830127
431.9501068438044
84.90949971901237
94.51632970261831
79.07788232470126
119.62861802924903
167.08597649554844
1024.9941596987387
399.53415637944033
371.0424184051021
86.99094391704996
86.35512312376581
88.67679847057305
460.881735156099
197.21948412374826
120.15629552083628
138.0188120922727
64.9520314237612
66.04908032575953
144.75224030202025
98.55046862246789
1504.2166880589134
79.55653853795181
154.24749634695132
88.35496462868232
227.0801599470616
86.02131818489921
107.57401373381413
534.6109975308048
680.6574868670947
170.2297984709721
52.272759314274204
214.9235142643283
149.84614658572275
105.85010621517533
122.01078607951546
170.31477034311186
225.87312710946907
112.04882580022183
108.05193489556449
73.93333022791045
100.79171295629297
47.52943478253133
158.0449099578397
121.32599597963932
74.33213159239281
43.52764532191502
117.25478436647654
98.32114787000059
1198.927078215172
199.80344114894612
174.35682562657297
158.9336765839096
101.26759767547517
161.49318171210268
