180.0
131.5974900704698
149.93285337516758
102.10998427695354
1174.6314316307871
212.06420900695952
126.24038662581236
649.9519991334278
216.44165978757144
67.93033360647425
217.09970736677835
228.9764728202588
96.66952419468443
145.77124548886422
266.84297716301336
197.0051607128734
144.2502032721488
70.66426712589374
74.0743260979587
164.31573990019325
148.2515923945839
122.37815956321565
81.86128681292107
178.82620757788803
436.13141462206175
87.66651405140504
140.1753958034469
196.19713653727567
147.26408882673877
468.5277274412582
66.75734709254601
94.34591525030241
156.82848867113685
183.262333878336
92.69733510050521
104.31453615318375
64.76996081480738
136.17529066392154
72.27756413501392
196.77766783142883
124.67616587132248
73.14376441238727
109.24414974859705
209.91694894420678
217.4641927723333
101.02852671808645
171.15108559236532
621.0223365597514
659.1745112341251
53.68877813436003
326.964527784628
213.45901360722158
64.11098119852534
342.16851745729167
342.8494119108063
199.29635860121687
158.6439447353259
187.7958709041497
472.1783849746548
154.87424889284023
200.53809139674826
71.50197644730487
136.59328724672898
140.0422356229525
123.79964335534599
945.8540515401489
199.74719451179922
233.21433212705298
164.1717701395322
196.57364085240636
92.1558330301642
156.2555775560485
115.44468713915809
101.64856677843456
207.20456342954049
61.0938225635183
273.9711687599483
98.42600098997886
195.77414503238435
118.87715778176137
144.07975928082496
118.1642727124928
101.31069303185564
77.14230468125912
224.44632763091766
152.38288578285008
198.4237499938487
131.6876082878192
248.22486906660285
99.46831714416749
587.5546703119502
75.28885427965125
955.0575342431713
363.1267070481763
97.38816218006554
65.8160427670781
175.85677490077032
217.25638672794295
715.3998918019075
389.27763718166455
88.37614476946959
238.44465221930085
22120.543956693713
455.1759336293805
96.33149558399653
341.6682755835167
86.85792401310704
176.71057938917951
206.97577063965434
189.5468833175545
92.57550405863175
901.9230397188876
227.19505567235777
522.378311400648
225.1777676380145
90.96451847357744
144.71061265029144
113.95225393491035
138.8698439602855
127.28348112112721
628.6331645626676
105.30399012485402
113.73892063091714
465.4990365141946
297.4857125227081
79.26977019336668
78.10308966824911
69.41422390151426
184.65382509087397
95.95667089718606
89.6437754428006
87.3756649459223
286.3743834456176
170.65618628026527
285.51051084796444
235.79031233271203
132.07242133601355
296.171154976862
390.50178595381385
171.69663091216898
253.20320651613173
153.64406185197416
172.86816297099614
149.92626709679095
156.9783501902935
88.51151710599417
74.55771743080624
183.23392581234276
162.02896937073956
51.31555218746128
169.87412254878438
168.67622389244602
239.99289455862305
206.79409935928862
242.67209103586873
351.41625145114597
159.37543872278655
93.55061451229324
257.62783245066834
249.64065750479665
133.77618464679153
781.2920315592496
280.2063855765842
217.85889478780732
97053.91130997534
63.06250241998643
173.1341125085398
410.02213986230424
103.48035333281162
512.4560127502318
61.44846540873153
288.08318644282
325.5172675224589
240.97684352322077
165.884564451911
314.0256691158317
127.37514672880229
126.74814736019371
53.72181484946326
193.0041559951578
149.54903473500528
98.5166762083167
178.98073022300994
263.5084995041843
62.92614666631052
103.70242015831771
338.33842915112007
199.6679993243842
143.71550829195084
322.5658404062788
303.9435450901612
793.0845301404541
79.58097618248685
107.99185393850252
270.63301107446784
202.58689267150578
79.89457462793912
85.52034407754297
772.7806018159114
64.74601426078011
2820.477453604734
