280.0
201.4618131282905
363.8186617671132
199.6890688790238
69.2370646724015
89.32021077886039
300.1298401941546
199.51345861660013
216.7810492528358
441.30746923177213
135.83049674069568
293.82785396163274
100.15770357924195
206.54527842766942
230.45807827361034
118.36136976442083
313.8453714464971
166.7001688331765
72.23435342463652
209.20213943034358
72.5488372753822
112.77510226062941
140.03588319767715
178.6951960759568
518.1436201385009
76.985280333439
274.6635036346204
131.3851161392465
129.60773755771461
99.1433397108856
115.56060212548955
157.73131621410008
737.7702215446426
96.67539829947738
177.44122146191472
316.2061450227337
147.33914501986337
149.31541854894127
453.93920511612373
125.99464768618353
132.29871212720465
102.14733115802751
727.7940369518788
864.9589809379072
116.88581362143702
82.46535026197377
117.42647086368365
256.275118307778
128.18062843138185
297.07005066291725
113.32922254157451
105.02036953759112
303.4769354785732
286.96362044491497
154.2700986956561
96.29613991334763
119.39674958236586
222.7420711683246
320.4210539804636
7632.268115874054
140.58204785607492
152.89830473175192
621.1095036492432
274.4285382359675
179.54490409773217
712.5005109058055
130.4064472868369
191.14959955981925
147.26446921778583
138.88262517243814
68.1289093599764
154.79221365218658
363.90590275003416
282.77276792800626
246.2604682445878
156.77119238091154
110.21000730315545
218.4162563146087
101.7926206255405
198.39296609318646
120.94294736777272
182.99022154041518
178.80650674542792
227.3197197940589
210.6161652785918
63.88165274106544
114.53374726382451
113.4542453552479
220.3970575120964
1480.2124510561368
426.1943874602412
161.23544535948852
149.88857673669986
40.086387647821034
123.41686285950409
207.57438673420856
143.33355919718792
561.1197619421399
102.73791655461449
240.2725021813966
252.10286576154985
147.06333322342962
162.6883428390182
167.68331081079026
1060.8548818871338
131.07948466214617
277.2074594278033
336.92044490986166
286.59438095532744
137.7352267912382
300.55514783505106
183.88990937025522
143.03606982578643
93.36654196349217
164.01341915159648
80.991525989912
155.96470524548587
201.86684323279027
425.60336789854006
74.86069649582704
389.8171124812113
132.85846714122684
218.1399874116877
428.8217056619406
109.29867808941788
179.30988097503496
136.25071049790324
638.4609716571179
162.00704648438537
456.44091298646583
124.37990779433937
149.42286620342543
2447.315399734352
206.2857107105832
1286.72047048717
111.88781594081799
177.60265637265357
137.76941856105913
114.5807045879478
102.801018404452
285.18742211737896
660.4838067639758
165.21115848517402
121.50976863764129
97.83063406163559
77.87070461881765
524.6063359332338
381.8142076764
211.3627574680356
319.9190639257172
216.5128394957651
254.71963235378985
335.480292649695
98.38773460991673
509.72635736721173
189.12956324882813
81.74969221425692
416.83568926387574
83.14224747946314
12311.795314787223
207.25529155227272
110.83497273171534
162.0032384376328
745.9533475101705
66.71545865857445
146.9419212517557
110.46910331752501
250.61857126729885
179.32300619839998
40.674471973681044
66.95774390738791
137.0420199644107
673.5363796035933
392.3449863359971
174.98059346204298
85.5078263214571
343.1742270210486
1651.937565375018
213.6558438567287
192.4323382414263
171.5060052376817
150.4456845676866
59.93254929880953
284.9747203680956
85.09629747887001
754.3798322072367
59.415448641687455
626.8834809432698
221.24832087717024
430.7100858937376
222.04199735257356
195.22330772624832
143.76120647306945
65.1837046352419
99.76657989257436
706.9047632100892
91.75610876564133
1068.426893029085
382.5518556041612
268.9835649835304
173.1221772787295
