360.0
133.82061230952286
62.17271351862992
31.30325742970982
189.67699581535726
85.20897961140496
53.69540318812699
62.356105269919716
212.3399864201287
123.13156080230802
446.3391672899704
63.54627229925243
81.24355019565846
233.2244583365335
48.84114083305821
1050.8022525230303
72.9819276934439
113.35204918161767
146.2881372843451
476.2525647333054
169.40681110005482
38.231450704146134
47.07918193948373
141.78769996033233
165.83039546804443
42.0832147722539
45.9616885612926
107.26012061191871
79.69551155824675
187.39975252707796
84.60576331022186
51.57392554016657
229.49705407233728
122.87057239175114
33.993394683202474
84.82740271772715
127.66847209285555
293.1989063209429
395.0100283655747
113.63950546710142
1801.9523843574973
87.72879658790461
116.00191262019398
168.81236053577138
38.566008892952446
94.58731605093257
182.04745902864488
275.6220171207856
71.93494792809422
110.4072522671262
181.9630541442554
59.03903460841572
150.84681734149382
64.55189465777646
63.106013878246124
76.57666455509157
96.35613329441489
52.917598472025844
76.63119119864733
57.354272752967354
46.5943501215019
7328.507307411398
107.53270149768807
178.0784887468331
200.6809378694745
67.95562749399744
1205.523397913167
100.84379713508696
23.83512189077686
161.51289108289927
47.43440131111442
85.46162440036905
117.17241013213145
171.1321796753337
47.27671225172115
65.60128506986608
105.95086567294088
46.64055189682323
128.96580256090704
150.7421039972634
79.96776822788168
63.882941979930834
351.50835586408135
122.00822846120613
290.74835553457535
186.537755647663
133.24395996248126
61.13412128587991
76.85080846757002
74.71136400011643
34.749456990743504
88.67982052251418
85.56576739805116
77.48886476713297
175.64430963575757
173.30243474577117
104.0877070514724
77.72396538233725
51.22638648434401
46.497934876528376
149.4181686478098
50.77899327724222
39.561188066678746
63.940909213213224
277.0624521147545
82.49849743214611
59.88391997755721
79.78469992045893
83.22001206640806
221.83528828583752
36.83013282808296
57.50995618501905
116.51178358790034
76.30360644712634
72.4501647019863
59.265926835872385
1035.6390590683598
64.24966204330639
117.3857641140612
176.4212612121256
2000.044844890106
58.32125592120477
42.22625214607891
139.31393448904834
52.631816387788405
138.14108148736656
42.94039331638401
75.35100670106574
88.82967600387711
130.9375445977059
86.76499005172874
65.79106002462585
51.53236858134715
573.9683642467745
103.00010320493408
89.12384036022321
67.95752693680225
76.14111201118605
127.41949079001473
146.24203512503578
68.3729856725043
120.56947694726638
56.36221952869183
28.245322005953867
81.14303459214929
154.47812689091214
506.615624818417
189.99452575970813
119.57888429039335
82.09642375036559
62.99545451625456
93.04241023151957
87.67848469080457
139.38689375590448
276.7835246752829
82.44537169976384
105.39960187933734
92.44202239275764
132.82395232311546
83.10472659232066
70.5625978862234
212.7216612730313
226.51572819091635
112.84692206266844
133.66957638738
34.65580115772935
100.13843208266157
44.94248171793183
81.39925046709347
95.34517854002578
37.628144961394604
74.56034571579357
36.37208256284283
150.43375100918217
177.10337415888307
51.60319844457672
25.7382441247965
336.97038427832854
76.16374707164876
46.78198711343694
54.32386924186222
43.07635591011774
180.42551755519315
92.3350854845265
42.94695846744504
91.53904335311731
68.94209597827765
47.94145179822305
74.95081064078677
231.25843669774005
56.733641162575545
69.90616357951122
102.91667021804935
193.47947165165945
122.1884060529045
118.95188263577054
40.41048158405758
147.73725302674725
160.19203710107948
51.06289591841174
53.402423071724996
