200.0
175.728768315625
547.3432786116127
142.34670156536026
102.9683474583554
381.26582563936034
118.96622789576082
141.03598608338314
429.82256155871534
141.94658312946916
1049.3698934752072
143.4825892969727
129.4847557453223
1177.2080233990296
213.27432407425334
183.80271580223786
175.9579029172976
116.8448833751109
292.19776649214225
103.5709541328307
130.30537247641408
99.24344310316008
489.5176219580695
198.86788137020739
738.4411368467316
453.0033747237199
545.1212464386742
13869.949583512069
248.9846398730196
181.21382254167716
598.9692469063307
372.1271747734974
114.85305464005405
3994.781447138136
347.0365874492347
470.4246716997202
100.3131821297589
585.5724772419801
5070.713462964878
232.35866799671842
504.119459536887
261.60178614832
144.0190153494122
554.6844079142286
265.6415406483844
239.63118676115235
330.0434214289581
270.1931715069194
182.6196760790608
133.44169547633103
283.93135200002365
117.90054360662099
191.51976742595866
299.8639919081043
209.14001592479377
155.44585681352208
533.0029859719101
832.4381944988831
190.2902560009689
195.87748568314856
58.35368427834742
336.92162466152956
252.0513318134183
155.87532319010546
165.1440765298674
124.63890509239647
1186.4590999456775
255.84991208460312
132.33139705358002
192.7033904397018
210.8159700206479
235.91757180771344
604.8668852762497
268.7449263589739
583.9273904185163
284.1580478248382
310.40849960615486
106.59461218258349
109.0359187036537
317.4419423246993
908.3879549402976
113.51291873836367
1101.56772874385
313.64864679987994
261.201792648451
300.00616616617026
94.54465311622236
117.29247719952349
346.5683003662358
161.20725659614348
310.72989191540034
315.9128516331064
246.83872540962432
300.5966258932376
374.1524172499422
728.5793690342189
169.32347600456612
277.13357882468915
392.761700428225
161.64870584883727
547.1558125171567
89.7970442458723
145.0274432732812
3349.3581469270653
370.95099372535236
5247.370962346469
1059.8735772757702
194.424769702365
432.40176376189083
515.232016479781
1236.330717012731
982.1505835709486
561.0871907358234
306.23744742800363
1691.3081674660891
177.5476068316157
162.88993205650428
214.68591962315318
2692.545051968783
252.50017611862623
138.43512111233264
188.74866367763423
334.11602407532496
232.71394210842774
304.89307551524234
349.02778622916253
176.11833475937615
155.70526039233752
153.2634521220444
39639.65819359272
93.72184829262044
543.7839671892478
840.274200836439
330.1504633724039
570.4638908692318
538.3572380665065
312.2389835387065
99.40127010476724
198.1784148245065
214.7389582675677
74.23277098814252
692.987255800064
428.4715740904333
303.3094628191295
531.3014368831775
273.40376790172627
600.1503079514375
105.30113575776224
179.51158396680995
363.4317520145111
166.41456500699917
512.4738994497206
402.96761546614186
310.26028437178525
934.8704922709567
468.3787766552016
260.3247234171854
785.3648170733435
178.02988259210738
137.17558579633018
222.8738267460594
284.4750544932008
83.11188674839785
228.62931561231102
130.4809718869649
154.2687772293584
356.85288031533
526.5425183452281
165.79418483066115
493.5126258953152
198.68939369794109
407.5404582423715
216.49100968228694
724.0728197409164
688.0314516222206
118.85336738005357
438.98886444234535
289.51710545912147
95.50555218518272
212.77258123433074
444.8888904444306
555.1069704967516
197.27427941378966
149.51184933611475
978.3178233728833
501.0110423754119
2567.8107184692835
268.1517512009809
387.0271444926632
166.0291175517938
102.69363343694907
135.85981771037157
91.38947965936089
305.0765704495428
225.2455700634834
186.90139111847523
101.32133891287603
251.88681776378513
76.54983037298034
233.88987782075904
384.0063759499109
