54.0
171.10322429528838
124.2605871086108
104.79714236792982
195.42189279392366
584.1271299721443
207.12993244284942
1595.100656514678
73.19609476869319
190.90458161501826
76.81855841357275
103.65742125251472
181.54033272948882
83.75949470800872
78.49796311245301
145.53598597400946
77.56903023196033
561.5393504848761
100.55511838027242
80.97178265950912
1528.6744056343105
149.4426339069978
163.10610402124288
107.77871736437352
108.32134657836657
102.07094554131537
204.30105108871834
143.5953487558031
328.7362849871439
186.14539379223294
380.2158122850079
152.85894709148394
290.62557662916333
87.71937852158102
224.14962760807978
730.7822722281147
249.4326903606106
117.5564401662067
128.3107734623089
263.868845488862
65.19639377065215
78.03544626832797
112.04830307448654
115.82886791120694
132.452642661705
221.07115784893747
167.03431537384265
3797.1945027970473
168.39184925194343
200.08772902452756
142.21187177124543
147.78261946541843
287.30584414641794
326.0425925814335
513.8109120352354
2447.7753081211345
76.28292226128681
247.80870442918285
168.02024535546732
46.316010568325325
2163.423730843993
1061.975853273703
144.3906825560051
319.36683325110573
270.49292225225054
139.29511859131833
118.74805098779373
127.44441780356559
158.96994325472787
281.5424167450909
137.0215386461277
13598.194005569132
712.4517380917166
70.39543381584377
98.95750203677889
635.5257080493518
700.4447507314262
235.4791702257687
686.7545649283409
895.036217256485
345.9701586913125
140.4497963135577
1683.7849105003372
565.545060688522
95.25272790115085
62.161393282522965
126.49639593936465
24212.207663745765
220.90673791503625
289.78105075343115
189.19701511861172
308.1551734429617
63.059163092480496
2678.500113915744
120.64018504356982
666.3058026019776
243.0516446841278
244.3358858436867
272.0563731748319
114.63561110880978
169.7271680950348
116.88578953803031
2129.189369360423
99.37649129120348
208.60026313583282
136.2109429963894
96.18644289560504
816.5817953013005
114.89705880537377
164.44654709290086
1023.191712130035
269.3198034334248
144.88978650312694
65.02537343074928
247.21438136127807
63.41870940596069
266.22422103633915
175.73204013981004
145.68808106916103
83.52765062350021
95.302995001078
172.81322530011002
192.2002703938769
175.60314985788636
141.50278507147436
191.9886290091812
166.26449280520626
299.4523525538741
178.41479894992867
488.4765555148351
131.95920105888587
219.85523881197022
143.44659469661175
538.725831334847
87.12387094966485
223.7550289485028
92.5114573437824
132.70383975612512
159.06265163012637
150.49209106841744
141.29046423359242
81.26958801680884
64.89363860573194
61305.5243569639
456.44797468906233
179.96113137921805
74.47756168058737
362.73473524714797
126.518562122039
510.48285157226985
67.99889776116449
168.13786249993979
79.62109314309146
167.08937152524433
82.67602597040371
151.5467275580163
360.43893186098285
3204.5915603901694
138.23187885489952
307.45923632232103
85.88233590117407
213.54957589366782
235.24181330650936
72.19314875398966
575.5585808618
853.7795159661905
110.71047066810411
266.74204860474094
273.72657855120445
98.24890396723981
181.74492491268518
1968.2023990725966
188.0418852802609
41.8358913610738
104.13193210849721
195.58726165095953
83.92268042510933
274.44224556047175
67.75851276988469
85.42766111269397
122.52566863685152
332.8974836627138
914.6938534132923
118.7656625007542
846.4429267410455
326.0672774522493
74.18943010284411
66.83852889783209
164.04580001047242
2477.6751477290964
149.3924892324283
173.72561479540647
207.97308099572822
184.8809840905673
92.03662874285756
116.02078476651113
223.80530384972968
112.07325217811092
1015.6701564713919
796.6071900076296
117.08759137143817
