280.0
47.63258180711264
965.4776215750431
53.83152509135816
50.248094221517306
274.2699524455672
85.8851432138267
142.6030824859489
199.27072515651315
64.8457991437834
635.1454132712394
35.74668637770126
242.4382992176919
68.94116798676772
109.20012264621214
40.406479478168585
169.0292868021404
423.73866240736953
109.98812647394158
68.95606483041614
139.40174431842195
131.35507713842898
117.45505300055582
542.075728394955
62.29164845447144
170.0987889341941
2049.725065679946
79.799819333643
157.39190367799233
96.11075787952241
38.82181617191893
46.4343087447578
133.96471766685576
29.854124511075412
271.48350108852503
80.87923565155546
41.981061361598236
94.41254378408199
62.23798305149199
582.147619651668
88.58291313226783
47.06162575984921
147.4184068645107
127.22689014511262
98.35617214655292
129.18299738175818
82.84561825790276
53.32712673316154
162.2599402813466
58.29948913329727
32.190851861168795
89.39788697225289
106.99281027767759
122.91455450474915
78.69963787414063
103.1950760962163
139.44710664018115
85.79214227157809
451.813207383601
115.43326723791438
210.83902873272396
72.10555883958
45.89199931101255
139.41175199149706
45.08440638063522
76.5844383155475
158.57250732133934
193.5493764282885
67.58790938089784
31.88175667946621
63.355263301278136
156.37792024588913
117.7951704226235
90.50638225486581
40.92291370422904
61.87585176305527
139.35300493747573
809.6711564091394
76.58021501873537
43.14416166056399
101.82350827566695
122.29561479429054
72.95960437794271
115.78460375745429
45.7573685072878
101.24381352651046
96.93946119506215
91.6945755367326
250.71709000005436
193.267377900325
99.77230445903444
1812.5625591825867
50.18769549580202
37.24574924281367
256.8775989517046
1138.0386442795025
43.84518653888734
131.8326417053386
146.73801336161964
49.903992770422455
103.27128944137826
113.13628751463702
82.0621339823731
297.79314097759476
68.88289211566027
91.392247484862
87.90364611385993
73.68075245905635
64.13200992880415
40.07740619271256
74.6422457084054
373.9856134659068
136.01709984801892
86.66823784534982
98.32940157700249
403.8151985985904
98.82076138125805
195.82139244010756
211.4640477711129
84.39170026633697
48.30083163323978
1302.495461422241
293.0216763556196
123.20155112715064
107.15295414367017
99.51993122234714
256.37601425847896
167.82762621894827
524.402699258677
363.5758777402005
131.6362965372181
145.09256711539058
70.6166135333907
105.01104776110647
58.326954020706275
63.42925753541728
97.27593846569812
301.58844172116517
40.423695315973255
129.81715024566833
128.84847073390307
65.50296868978522
544.7030651439297
83.81986798959595
50.61570377041747
47.21146795690647
83.55949666469795
79.10713318731982
96.12464054995078
143.70858229821238
134.08484964728936
460.3199695836649
197.26336201454
86.07611449868165
31.85354203188622
96.6822089657113
49.95104617596045
65.98005493790913
63.659061977458556
85.05000796636283
55.70894376550872
322.9201156959764
36.67217224894144
63.052245571928886
55.04084689680832
72.59027914100278
151.8711820556522
402.25444984028195
108.47236676320321
111.9225280350536
33.36320748688706
84.8857598971419
47.45306414944691
121.3659142854837
161.61345049328278
112.44067795088807
100.59961750848525
763.1162771503108
55.67996137149593
153.89091694520332
3000.2661252032995
38.535055561724064
113.70405538471084
84.1824912907905
38.9744586221307
81.84671601201838
143.73340694227704
421.33491507803967
450.346691099595
151.25394363171444
73.67506819636174
926.2094339437074
114.08929561560909
157.5981240755924
114.26781234100935
136.49845931349108
103.31164408537559
68.85118438222658
162.96653541168627
314.10890921559815
301.68525130853567
