240.0
103.6550845475581
244.84700181961603
77.10993088618432
169.77076344495077
136.47444927674715
126.30557411540607
75.68445578721622
88.29215279212039
83.12832613713415
179.8246901834533
111.15883225540766
612.5965886286075
80.0959386799786
113.45983220564766
175.50658028129112
113.00807855910789
216.76468124488824
152.09031886751637
153.54108758960746
3329.5621686795935
67.06346836645474
34.651486062242
63.231860036197716
62.36199489189974
108.97013516258858
54.798879647354795
179.26099078592122
142.4153569268342
59.28724557940568
65.18849047540537
416.43420852491454
88.52893225742909
1121.2807791810756
242.2956824016233
458.6894798483865
163.9926099483942
85.62116342704783
249.16336804931046
114.19400441640275
118.32019519572819
33.2125210635551
107.2816865174118
395.83183065279115
85.86486331024737
1273.3199900895593
63.21978554947962
70.74881745945311
178.92257086516636
135.71987471327668
154.5005931928199
209.73406317545334
1148.2565519974694
275.53535970211175
147.14715528821736
123.12876904691612
118.0766173156821
104.13283167589474
165.17134344104574
166.97083135785033
322.9687317242901
108.2975267042728
159.66009030828766
62.565295418626704
87.2529709890691
96.66090551011374
148.18312657534585
68.70053849553719
75.9830749471886
318.21049897763424
700.6000047411392
178.96420810146125
55.144651550795345
108.21542119819344
83.67660250227306
271.60587654179557
106.62857190290387
105.04417024638131
328.7756248545252
120.28404754089202
138.0335543856681
46.202836395362894
43.182671187686076
86.71371785871092
68.69892524859058
67.54581601708584
111.67340529513012
76.86208698300135
171.44683496110525
63.8033394039177
639.5669100038342
103.16116746604145
159.92106288672755
180.47309384168136
961.2405642536534
55.23045337549506
71.15626713060988
420.0104386167684
73.06838740068115
99.25383969240828
564.9459591577317
69.40969104263537
189.87043908265198
145.32127227257627
84.11894868297738
126.97237683234187
351.97618280981277
74.99993920823347
237.37136345879827
402.0427348677321
53.510094590843714
43.92121802383951
93.89510285269937
393.39920261981143
73.37909443483588
129.21258564938094
449.6406327013519
99.1898221395078
66.58089025544207
168.68897339240513
70.76184071991031
141.35057089946233
465.6197037218315
281.83264870959715
103.97261554864014
73.32142387295592
75.09508268577949
59.380139304180766
71.53343263938716
61.77455713474231
46.26196641704731
305.68100322446077
201.8576542288057
671.7300483653207
188.5651349120551
46.54762853525283
523.5322951725486
305.4831314204877
106.2166899487085
95.02211933688633
65.64935957450058
340.03235672255886
105.30431444317333
49.66743619359701
132.80594414904596
132.79476776222
460.4805676451202
94.43941911543632
74.7603168476483
282.037111305471
117.01647425264972
112.63695126817578
38.303043223376115
65.33142436362293
122.38495614475907
43.32357905497017
93.13809096086698
217.69835913948194
228.84485857241054
54.46383702907207
101.25756855602819
149.96066872403392
238.3460517458114
47.32301292567012
79.27773243891878
51.937775649741
721.4492463551408
190.0998601177387
99.98388728635602
88.39745572197181
57.981258294358355
592.9187508090863
286.20795701236096
1974.6060875596772
157.15706423729947
253.20803188224363
155.0097514637987
316.27878398333394
63.287323023441374
163.6585157479019
101.7635328901397
60.41094558416622
81.56078053995599
125.16430076919761
94.31170077855255
107.6315354886868
35.16896765279991
3803.419744641393
88.8548983942514
262.4838149994897
49.70218083902403
248.64339082979808
1025.7725211985314
141.79985967943796
188.2203090875336
115.52751949589562
244.60768245458075
170.70664346278653
184.0440649662956
68.40517803544196
88.68533007538214
