380.0
60.854951041013
68.55147097156656
194.1748369667803
57.171036265985855
206.37271588533946
46.5822061336649
175.5459051133211
116.71951067626887
73.42576227259782
49.67248547602737
154.23453606320032
55.95357809849716
47.73611984434624
65.14919494988595
60.3824163257619
42.41749232681618
91.86756957516832
35.211287214659485
115.63294244963683
58.53573850917204
43.99951665073294
58.85587828329941
43.15125081231732
147.5552185454021
52.67425578156957
30.457054050378378
66.91767051222399
172.72203779292795
86.98755160882055
1467.5762812805888
53.241938111325055
60.11723247690324
85.88849469755797
78.58384372563518
126.53509718969127
37.2772284845083
80.65395268720324
36.59943820479977
52.58500043772162
85.01637487716027
184.49498000536138
106.01620219328846
42.326997835057895
56.8130094630287
117.28235413852659
41.74481419101012
29.307742224914985
29.256725465567513
50.08321627046982
54.770331870948574
467.65437469716426
33.78423100816112
92.96940102980967
43.551031168457676
22.923379579265788
113.01269402726557
83.41565988325078
66.33798413567636
98.653999259154
160.07977142020226
88.63250106561281
68.74643631542997
89.0136687536005
28.501775757355418
36.07499005767082
55.004577357857706
144.23753558768684
91.81427896572143
97.64830025358162
44.835844702044135
46.16362913122509
63.87378953769694
88.23443210535049
1347.1385979963766
59.642745136475725
159.51341568171782
86.10066275406132
68.03119322328824
104.48438697597294
66.68191774851304
257.4464179537753
312.2193628661712
41.173221911681864
64.3316900329769
124.58813134032152
34.04626590965093
44.260842103600325
71.87870151764022
98.26629103915337
50.35699842410835
87.52985785698093
61.071384365878814
79.90254277495198
463.6745514275822
39.75265117370908
39.4804467761691
50.96272605207702
84.4854702457765
296.15853879441573
43.80253153429774
100.83464995833923
64.08325024216627
58.65650491870865
38.972276549125866
212.4343517586224
68.3085932798737
199.9011480451032
200.76497873763412
40.71770476122454
25.936523993386007
43.18014396556991
102.93061876141847
46.519989057904226
36.79338437260442
70.65143371920448
50.49128888268706
25.118312557679506
67.61748850379226
54.18627538101827
65.93983523998469
1185.6867692530927
67.95612275026184
218.64239295323932
56.67350755658386
56.88441363366873
458.22250068496476
223.5379728152242
67.55543637544302
49.39178387076267
113.6308143296126
41.0684369118156
76.87133164739863
82.58021589812495
283.0910072104891
107.75704592007021
168.6509794398558
72.9357517630782
57.01734876451247
106.71184853976175
26.896140917534957
75.58780277225969
92.32343633448198
44.47094084459761
114.79082223544712
3204.774711705897
95.36694151467084
147.86850874082091
30.018503790595652
155.0993754518545
61.17800495670837
129.4116591064081
101.22012423279183
91.04609312095977
1371.6622534207754
50.85279140400765
73.74416786516366
51.26778624960054
213.37104865276763
48.355315636527
60.80937794259461
240.63192867037554
69.94830484416552
66.10196343476616
60.89778370882103
95.93651691627342
32.164108998173866
119.20632826137677
79.00360957173322
182.12698931762287
72.5643013916858
55.179444112511405
34.28273846746317
113.16450917480462
135.68734557270815
175.28871598688514
379.5968243046552
90.51861801748404
180.10666616642848
59.56393087670177
89.54388974882154
104.00810846728469
38.001630610727005
1023.8553586407473
35.796546061261935
97.21653900484228
20.326797810357633
56.21125620928547
645.5754375568791
55.79537922921991
99.45558461234866
140.08097530286605
278.84726082739815
169.34979167708303
61.35272490448137
127.21463981859515
63.22872513748495
37.99633970346871
35.24003533961179
98.41905909137002
25.754153995970473
