360.0
346.39372391878135
120.00465945253156
56.867349933217675
101.48961377322571
156.06157432410797
252.71796715444523
82.7314819636725
83.31288204601844
122.25087809119074
149.69409669906986
72.12565841557291
844.3471131622679
347.64926758694634
171.272852206014
98.64211331971266
425.39599086466853
135.03337836994254
111.86547158969326
117.1812730167828
78.21507431531886
229.24444732854175
48.01567237041018
71.35345908053486
156.46093007931688
57.77382904073825
1208.6763023123945
167.84756434013258
145.57849525990233
453.6724663041456
156.53582839737552
83.36306387593555
65.2679346161572
109.3890284081793
202.5446658058078
68.23839907105885
70.0835137275622
139.24180424229704
250.02089500340688
85.8489188522939
54.076954296285074
66.97216750267191
120.17318316152031
167.48828846772614
337.60275651494493
312.10298878448094
100.94010132766039
121.78633554463258
650.1163816492011
97.25868496355126
368.2056289510692
601.8346768655214
99.26163532211679
118.57771816529736
199.29825589205188
433.9177441844752
59.125472177410956
182.00265819305656
144.0198784055603
64.80916175516896
145.67202566576842
319.26065589595345
197.96023044698984
97.84738007315954
61.931119183698996
255.62500324268586
151.65806487984972
74.67914031582919
210.62537532618182
40.88054332789458
69.19303452714121
98.19905157785345
251.1525166695329
222.11604055604465
69.15053655635232
88.00502819222143
473.1849637857478
60.50242302247402
75.54343130514061
1127.4132332365446
497.95930135600173
80.04407147413822
139.6084074374157
205.02448749745653
72.05260474788274
99.22905007439984
117.12237508094078
95.45138549873937
76.84950922952856
82.66770804964817
50.2749196498555
131.4254191449902
303.8345013452271
90.22127792815978
79.56639731675162
205.124707421468
103.82994622962546
66.36799086821564
119.66413826160093
62.10917781430972
69.0533135832552
142.20067162062927
199.56798948983257
402.80133007565655
170.4848894445787
219.6865400706294
191.3131730071952
165.47780472818218
66.63609031232562
61.31482264745223
90.79329224582034
76.59637247121653
918.8606655632088
123.78441089213737
143.84558089051296
505.69444092549134
36.33669068689675
258.1329210929493
71.03539848566334
124.78212071163843
670.8231440342092
171.21804935537898
176.46153892630423
160.0495684186469
125.81005029602701
68.60706208983835
149.34729457542545
113.65114489085535
967.8507808677219
258.70104863811696
778.84143227798
290.0993640143525
138.9086367413646
145.74885899584297
1051.5202401945312
206.27620452635563
95.79056078291434
51.689514909905235
108.58246314642766
707.2758394129025
255.78390212788383
72.96696896869975
81.58269671107138
235.06292858843662
39.43549077660134
84.6938648587737
200.61906158785516
131.36627894305204
175.81050636133114
80.22232970482364
134.2700723244793
60.18097488219451
242.0927230320874
105.04920838508532
51.668773885987925
103.48183460694219
194.14752615991333
164.46267700356114
104.94033445973334
203.37560880448146
148.72456037714628
134.73460543685695
618.4215552101106
959.2383505281629
215.31313874236218
50.10605291077335
89.79556803212839
171.13819887315216
295.1918030228862
415.7960097105938
105.47260535612845
853.5767889785074
125.38504960662009
83.78471066367943
77.28245005980763
45.44018185493287
149.52237277514038
76.17200035354882
84.91322273968677
110.64091042333692
113.8452712530987
139.19017441681996
424.4338076004464
170.00614421818352
127.10838324580527
235.72817660431903
492.2286315701285
80.35331415693929
135.82890247692873
48.0546659246007
91.22049172173139
148.88106606702317
98.92362096701235
93852.59180068214
700.7448460508681
40.68493151730922
203.5846499929753
164.12109634453108
143.6678892441044
100.5572254648798
202.86057726064817
