340.0
35.572959939764445
44.35884159763641
154.11847051624767
73.37007452475774
1300.5678939846118
163.45286231784706
25.949150516373567
49.57739886411255
404.2607314198317
184.8549177740308
50.4322775750124
96.5569782116328
368.9710784804749
51.27486182486402
93.37370205957308
39.95395579807114
77.1834288924504
235.41424025905374
84.4847316490168
75.53004529459686
77.73249138916277
86.294182303181
33.12749540110415
86.9754902889446
118.21968868549644
291.82680459095013
122.65219974251679
56.14857103120826
57.693193679095366
86.88180140562412
57.60418885610902
148.84060106559994
27.117572949622566
37.10968929031039
67.21662087854476
119.20385771060285
113.87306530361701
121.89516968921015
183.34191159610083
79.43467790733598
49.47940523269331
67.81043270740167
72.71403674889126
78.05577099317857
107.7698229496834
85.27998200589913
101.02204243968798
42.898769769041884
100.16211582055382
503.718123976858
1150.364491168295
133.42140369322792
49.1566591504333
91.28060798583364
426.09302378228483
93.82162390475662
45.30472315820775
87.4466696600074
68.15557500345268
65.18674717864765
85.15741639880031
58.85928822979598
206.2609032445249
206.42817207116428
370.0031703824002
338.4067788183925
56.28694712056447
96.63321663500426
74.61210813226276
77.99889348312847
187.4384265880155
62.72907136541571
190.70464307865453
94.6829995866857
72.68668235512922
91.03490705294281
66.73059082229214
68.45364695554592
101.795638693486
57.08269276072067
82.4601397289633
374476.3387330405
118.85988625886168
1651.323502678929
52.2381400494338
88.17289762258179
54.04197941298573
52.84992492097679
55.9720948240501
41.047517741138904
35.539486834858906
2278.1013158735313
72.36386637923064
195.72360862407285
163.7226431756148
70.40473517542432
51.122223306531275
47.15672748593203
330.17045107422354
74.58546066409201
102.07732689020929
76.58135383916621
49.52747024939816
115.51579666431955
174.01057622133612
314.85184254901384
76.86607818230353
45.88073681605275
112.17219371980855
45.493674498068465
69.57187459755411
57.023412641053916
56.984353028118235
37.96079475457251
134.08108699026246
46.31354154009524
76.57445133253957
86.47819807800107
173.79189809275317
55.636912183291585
39.32667177357781
190.94140038215852
52.958374427549415
56.7784139789346
56.98250579955472
170.28457236656752
26.17116864945122
49.650790067827785
44.14505098188156
198.31249807997327
62.28244920187115
39.9077505977732
24.92940237339205
87.27159376220537
554.3843179890852
50.125135048684
90.7259911212767
264.3961759365675
80.79259746012352
48.06669982574314
49.476771133644036
160.8887266431712
80.07295520896305
66.25480885205516
114.82523406402649
29.40237178047179
36.20751061597827
171.00671170778395
47.1146843453416
52.47898049229808
84.26930037276958
69.33104089374763
44.39118116083232
53.92785709323145
31.333509988338204
43.89750588211167
79.39176437527408
64.46993468274057
225.95721835858208
194.34096903050104
69.65424441879772
32.55958238551951
53.4056178670698
278.30811171330924
97.441459804589
59.27573090409079
111.9082093914912
90.79223236017422
89.35516776311637
160.28975187634916
379.9730423122898
317.55534029014655
34.74688022009084
62.44835723772039
54.836335593666654
76.15999849606618
165.77457565955922
57.29729694906038
53.27491995182974
118.77344032414877
66.24343744764697
240.9965146343797
83.5863419343857
99.49069826602306
38.54124115510661
328.0276915160128
57.21710719387544
40.4112006785006
571.8069262192842
72.55081370106906
79.08180450044841
218.33854227571086
375.08238575220275
196.56064656238843
77.83704604273478
53.691108365798264
62.41528958048655
67.15342725301063
6367.7410047816
191.43614671196147
