340.0
100.03074363479992
141.10129507317103
123.28379246499742
2000.3713526078616
188.41265197377888
48.48531455439917
89.56731449007543
147.8886626632097
171.39400032113326
148.6643405395114
86.3728034724391
186.5479033827066
44.06943686347119
104.55146172765082
652.6341367575654
133.07610859084278
108.26647150604806
94.86239706219821
77.85107908553968
71.97440595966714
113.40169985383356
115.85395843873573
132.26094948988518
59.4017618440968
100.03405820045307
62.57187797821178
26.397034670188255
198.4589440443182
52.526930157211126
60.02002064322445
30.770263835905354
84.82541523498243
84.52143934008151
298.4608107685567
89.05954505725933
141.15183812971773
84.12432605804062
139.18984707509802
48.42718927893535
59.45901058275006
284.17516892514436
40.14084742441259
90.87828956266465
37.344818441584515
125.66015137463101
124.39108760715328
1494.3028735986466
60.16318711926122
106.09944661606077
138.0048231106529
123.13310036948937
113.16206658587345
1349.9953606540396
71.61001846853557
213.91100829657148
111.49120348941098
66.89879936593844
75.44517295788967
178.4865745050765
98.62197564736141
91.68439433658834
153.11821125770942
49.15374206514009
36.92369262039525
55.56195479244265
82.92166066436593
119.61082437695777
91.11801362034201
84.27236511975089
995.419267286524
73.15267342494866
84.1775247996667
141.46594702615582
65.93525381231723
185.90598442173254
36.799579829635306
80.63330521825343
153.5555523321736
100.33389563087901
105.027880689686
61.798891644756175
47.02811686743447
155.2903597399349
117.30521720056399
136.04661704654032
64.90637333022032
115.19614060350803
60.31581325207118
80.74084987345738
322.1369218598075
82.10870359172752
101.43260956976324
54.45576093856396
76.57501166427853
65.14633238649813
65.72593725091478
64.29136510019181
265.8432173400979
134.5121288192578
167.84274463466085
86.0419682057277
89.00601076735894
87.4491468117953
117.41308750283277
104.24979018680295
87.10711124331152
70.61405113975741
80.18804071257448
89.14559311272288
84.00521734632548
142.96406929562656
256.3556791014596
93.26501077561187
157.31920229495836
70.32190755464185
56.745189186099566
44.62563091399857
87.39973082247755
228.57220341485484
64.23556134340296
41.04249426504424
215.3951649470399
73.59422692537947
213.6577304606802
65.15770499309926
230.75905718503236
89.78810523899844
78.14295924734681
135.97124677628136
53.85539662534315
153.20336507200923
536.097737648011
154.5097852992483
68.48151895551385
162.03004339947418
165.12485571534785
73.13892526172714
276.4301747819221
89.98607284941696
123.18828189994882
86.25219501831619
222.90332434106904
38.567735367033514
1490.5215513645157
44.83585600977277
242.50511937577394
64.96164988029611
3619.01579803351
1469.9772410689998
88.53947685641938
118.62816687580012
108.67123721949822
109.11243942244695
56.78024478125508
53.92699437224333
48.92175669108866
56.11105277673554
188.93880860505655
40.67016868814093
114.90984714152711
433.7021585444246
150.1461945151798
132139.32783536043
104.74462590360406
165.40950150347396
121.25196821573546
73.98301140148665
336.55800914928386
110.32801842637362
374.2250405992957
244.36462142213375
59.833395498131864
1529.2164290405685
49.21266894256419
36.38610004077073
192.53307705184525
213.81039873189707
104.47107598073426
58.66124915508051
121.06389327600094
1738.8900097562876
80.80259722565314
47.255012152392126
46.91263676480921
61.779485270645644
49.34943250846139
134.25741826782203
143.904943369179
69.77023290320938
57.64851921290957
49.880988198180454
55.828585917560574
54.72779779806855
1168.9745983398866
88.0536351167917
41.87331872202643
123.68157502399211
855.6807710574149
82.36914374062077
96.91284445896088
