52.5
534.7603200130477
88.57811482994421
339.8231280918081
179.53565996861533
307.64231827511566
175.38655900316388
84.97338166413063
1351.4948621166247
126.35746900024769
62.84412887490477
319.2688463541066
92.11899915362505
182.21050884400856
97.82873231068224
129.47159426542456
985.3545169663253
523.3849353849706
116.49644177867373
233.81287708722886
175.60682967380296
268.0885523289089
3731.302985854166
577.1430068966176
761.1639829839776
132.9454171634837
487.01271437262017
241.4669962786372
257.52160769072793
110.66382226670741
95.73225494233137
189.73274038085748
263.52420187924344
116.42423169463382
477.18921829268834
219.56497861940628
137.84911010476645
243.75531846315684
249.53181753737897
94.25372055254911
92.54307998299544
375.8143407684046
310.9793427042326
168.95521572006626
69.3748688845463
166.86697244561927
91.37893463811713
309.5561367402094
157.56155867112062
573.5928638682274
188.39423203990515
246.5627333025237
201.4631401707613
109.58640605747303
178.29782676827017
89.92056665368588
184.8265357320824
160.23554168667778
200.8569295319997
97.27927040747846
127.44612602253434
220.39762836430185
60.27997961860839
965.1347483993334
369.46999958265025
91.48719631185794
172.82440278961298
350.13737634206285
394.7296076815782
24108.005761393997
88.56751304646293
144.04700922404353
674.4626429985072
218.5019461290041
470.2621815485678
129.01312533495678
61.83174741601713
102.56358414112341
138.00395032564205
1843.5415061984168
338.57370165962294
420.289035958978
1351.8913434065921
98.73864105151155
244.82386344482083
848.9201030090977
1131.102438678246
280.55596632524
698.488970738178
135.3193269676054
132.60594447706234
185.52530981205248
110.47182107249279
64.7298987468091
142.35394785185363
348.8028166674028
140.785220002926
2961.562129899
226.83115096328876
117.26668150540476
205.45849032712675
113.74288957234181
762.3736702404091
292.06937116558345
120.44004337170495
1001.4639760608474
153.44410872161436
72.93564014069072
273.15624054831045
178.50381875645658
434.5076773673381
150.84164785451026
107.94890791583005
272.38630312084337
642.1006742431712
108.70654310881599
538.3257201743794
294.6430386880067
147.89301549013268
271.38415353652545
95.04112234789602
99.36748896974996
369.78005639992375
108.75809508708795
547.4157280629919
3809.6870717097654
188.35460532016154
148.6889548907911
494.60354670297045
145.18131004503968
201.3072039802377
248.53651285580372
113.43814247235017
152.11070553678306
79.54593626453355
203.95246953974151
3755.3441753519373
400.1988243817881
69.1923626659922
518.5778313076848
108.89797532669773
90.82759390099832
83.33962934282478
477.27940627776894
94.04830180733646
437.7293274643271
77.97450370185159
523.3834638915472
97.06576107163036
99.01314626203006
194.01031292235393
422.373848024858
125.88526477228913
868.4553979314594
139.1050152895635
194.44494479861314
544.7217868469003
289.03279043157704
366.52315231921216
82.63104079611907
290.21393632268746
305.3448110794414
128.64577611671038
185.4488769570159
207.21524466388428
211.70239029733145
566.1560097177916
401.5092820894634
351.56214401212446
173.05468868700612
914.8883083877826
132.15336074205564
286.23506521004884
120.75483029791754
225.3464927890239
158.36385172115703
762.5456453326794
329.1698275289143
257.9477522068834
216.68274635347484
184.28513740685446
182.83012040008103
667.8563537748771
426.01822763706116
137.28048083417482
134.72144722192127
1273.1766952584655
228.72465054442617
789.3426062274575
360.2209082869067
1026.9904014057395
425.9687616135273
131.01930938876484
69.32837418769047
108.35582154061605
394.5485821564597
307.9403184028429
86.03608654166212
124.89031602552194
311.3802835054277
355.8366715088681
