300.0
157.46846519841222
132.4472945380441
101.68456390224829
96.99933851563972
52.70256171334251
67.09569773716483
207.51404725723393
55.45466950464081
93.57580340869201
11502.126697379088
271.5821596920239
128.525496671472
97.72864220792427
57.7899134514482
104.55661465910725
51.79830901726215
96.76600015542455
83.4167457497607
104.41625314791534
759.7744765727665
103.2431612679674
162.84941488933978
119.08527430277537
46.68118858615077
884292.9774496759
120.92437365789131
88.6464344112226
60.66782917249088
109.93755196199005
52.617711495350115
64.7717510859153
75.60619787672223
36.311456585805324
68.79608246936718
58.40205222718993
88.03623894667209
207.2381562406021
59.86476881858084
126.4333938505733
113.12542094348701
74.27188780540206
128.74409780193844
263.2473473161514
161.89431761529534
350.98328072142084
17.613406799359655
294.82378940614177
362.01720694782546
156.9865684859456
126.2645673892639
50.5132157312166
375.0699446694759
259.14980116360084
107.98620558720411
52.84888154703301
143.10072088617977
44.04469162129542
68.03068400902423
54.080900432868745
13648.54417958542
202.08932763279893
161.80788194516987
80.62565126368466
126.61982473052296
259.0292657599068
161.08096413365357
74.17445195116336
135.34948282189094
89.99360297945717
71.70565034184989
92.86307453771165
79.60153205645258
75.27708759090042
122.89815439872814
50.83830627804832
61.7562763117316
385.9794088822896
70.38785810085471
85.49301915696346
225.55704820679745
50.11510636450723
37.989388838507985
97.63851482674312
512.009926776466
106.68595857893409
91.4284479742345
141.85050424068092
126.28506463864228
719.5809783106322
168.4441143038758
79.75027483305529
85.9095244007794
289.20212595087213
81.78133522681647
74.98828940510036
76.34766156093424
49.38049715419125
134.25010893326973
67.12223025372532
49.39914909722662
52.9223329850661
109.57918594484838
37.96150343151039
87.57290643463445
121.37787083417662
175.617930036228
41.903953942435905
46.84241365568239
78.29172909837956
33.70626975428595
98.61183977115968
78.41784685350636
91.96759117527039
64.02794291617317
349.0553567698867
248.876200508342
228.02777290902898
73.45757572044933
107.82348363521211
77.80550490741666
46.04493412984459
173.20737596605426
41.68226885169359
55.09897260357718
358.77071063523965
113.38610237030043
1471.0252308200957
41.51855543028635
43.93822819683936
464.7270519835172
950.193337809994
77.13459296790863
174.49290612815724
96.41160108633518
60.16140664476242
65.83587942937459
126.23244375711462
58.106714074660545
122.72474708744274
838.8327711675128
244.50954266194213
128.69333617544117
106.20809605833374
78.69422478083467
236.2864582557275
172.04878849185084
60.161351034104705
161.53493710713133
73.95898894484317
71.6710461078376
91.60523269272228
155.38636110724462
150.55390753414324
54.574555502158034
57.079548124005036
122243.48690094467
47.10999298942892
21512.791132343555
56.60605649939969
46.14978899929929
80.61482243349015
94.68484047007577
92.70077307974681
44.492388474591685
62.063159182406004
100.79102168631924
67.8169623528263
120.72486910247689
64.2115470059307
89.94508582392828
119.96128907970683
54.04299636667933
103.11091247769312
39.30145770840635
163.69011979218593
38812.50666203826
173.38481663650805
50.35821373482315
106.01922010831768
69.05032029042147
70.69150288939332
110.61487792897327
473.194660756575
156.35562708945676
178.05116129665328
47.55449726584249
97.18280616967168
510.84349118518986
75.6080353164034
40.45954991992719
63.40990118011562
168.41087276235163
77.5786171139853
41.220441749940505
238.49371695960815
51.53264500237453
68.03206996400854
61.02553421306001
827.0458565103926
73.71881120086537
