200.0
547.553541835179
172.46311664834008
124.93985115725047
69.24637767810796
56.52740443744986
162.7943017697177
233.4364690649877
194.67253488559248
181.88294213047774
656.1070285812998
76.03036239047358
128.46768906492747
130.6372111937159
75.26252729008169
123.06374441684154
591.9337892893107
685.7452626508315
119.27090196602632
121.31176734067364
123.44933356952072
1002.5240203102126
109.59718618685199
193.3063372941857
249.9213599911818
243.65971405350453
242.07017103121464
70.49032858076797
112.42698859905789
264.30845121262143
60.75927581609675
114.41064614417347
209.74329654662793
168.18138774853318
157.46792668265857
244.75171621018026
55.1975709582643
234.1067377894746
37.72983826565904
118.61959113471715
278.4878124167737
324.5557488451787
281.0108291415613
76.17270778718293
120.1104733781708
92.1328474030007
178.00661951498267
110.3775316151745
121.40322427572617
64.61348800065352
58.717535721724595
60.56130109617925
253.93947662077252
281.21812923282357
115.67678876071902
302.00765061007405
139.44830192347194
365.50180787772354
247.1512550066193
273.50907857181204
151.70732612019214
73.85755674644203
290.79541512042505
310.68050727727274
139.9974439058435
52.649994034966454
99.08161754882629
110.36458718668948
177.69641762710592
517.049984050369
283.15586986959
112.93931972297608
60.60552646694554
112.18192009662552
100.45290507067419
237.5312809857041
447.9287115829738
86.97885336252124
94.94843613415448
244.34905833612956
443.58643915325746
154.94106909295752
137.50900610280289
772.3858508568757
349.1546224083572
116.07223780418761
278.7333153257234
67.15427997034816
294.62940823600945
1006.2021895031248
320.5517123775534
131.14217179071247
126.37510301652684
120.6400648158862
67.50809478699912
76.7659363774653
78.79126735980908
408.93561546229694
161.36434741462006
137.17732576313767
101.56884063406592
85.77773149303891
768.8033848902536
127.8451554683035
212.64418992187083
64.45921285581609
69.70947178246061
2159.0951713977897
100.94293593159763
200.50318923294668
136.51300760744493
228.0211241598509
96.29149016949522
984.462216151033
226.4666687550839
114.29978662513791
172.1010848595289
3106.6994819124197
116.58569593055914
631.3464611983547
135.80531280185042
64.81157449621709
72.09216868971097
485.4097343290545
2335.114953760232
149963.76238439837
131.4232066695985
785.986827453676
300.336679000808
77.02412014096767
767.2031788224513
713.0487097305108
121.73212569751817
143.55057621191116
589.8430184996555
188.57682490431796
83.90309655308381
150.50805020278568
2097.350410209158
1484.0109086648633
113.81529776486396
383.6452235742336
135.24157126617962
95.80828096547313
184.55875767718825
92.35484697035699
170.12775029925058
48.22450350192173
191.31927341654915
157.77464200588028
79.57383280628714
52.16363926903644
982.7631385783081
108.60576007187647
64.48879787650263
2871.4057054665263
325.93670341264567
319.40396671607334
245.4488729968224
92.53952158787972
319.3286261111105
59.591298387695865
113.37732641541079
67.05887096114556
227.8848358947343
48.01567628647795
121.14157673035953
222.41151004066546
411.69227898276233
71.53057109947102
73480.30003120912
203.13217252792398
7784.850427359238
419.4782095129865
88.32858233525616
171.7820250317918
146.83894506890024
135.49240845134858
214.602074626623
182.26850658148004
86.54816367277968
128.05848898586478
119.38720438430272
146.6582896971155
121.98219844610374
73.42559984211945
110.53439105943937
657.733158397079
106.42794116392
239.9256162492273
3.853340949224909E7
249.6961577667459
45.08558765659007
118.07761196100633
486.02881975427164
274.25845083254865
210.90328128214543
123.7384974165228
595.7313904417733
572.640601920112
87.69160581554206
