360.0
195.11753423170876
58.83531579996619
72.4186837049501
47.24357982394352
106.96587337769839
39.20131244996834
48.65132350518264
425.16757406893004
408.40902886672154
66.53284256268685
42.28517000394648
55.01807573996686
47.18675078815159
109.70351313440473
33.007493458903
15.482044791818874
44.92982359602139
75.19934682622629
30.706048779358845
90.51694854098454
64.63231047332177
55.82665489125465
160.54303796190433
79.72579136283227
55.946642492204674
115.97510069354439
65.46187464481204
41.73415388155553
87.78792875294043
37.353797048630256
85.56256639930999
53.55755383018311
76.836120545708
975.4029740462255
77.0655663532039
65.27502049725314
32.68321875568032
49.79812585162381
42.578195918159196
36.351420970050135
458.98596234910866
31.183764336364497
133.1595928074495
61.62782519434254
113.8977641820565
84.61590143258378
43.90201180512435
131.8993910972927
72.32849605361147
36.52511257043121
102.59107646670054
78.8432436781587
33.21250755891968
79.72169722375364
79.83325345741125
63.02749929839421
57.868151724405
30.41926605944957
48.989964968729346
138.68462080110183
54.03120738800187
78.90766718114088
35.53288437004106
25.361378718538518
74.62351480157318
156.06909298370536
133.6621984550554
91.70664285461959
56.45624681838762
33.4504311038437
121.78280270724605
243.2901911224655
34.635109981627984
61.63098040053861
81.79430115947129
68.99353849256963
70.56844051672631
36.38097124365185
50.84485873894852
66.68470075708261
98.04003463739949
100.13905000430876
103.35751673325917
566.0650517296174
89.57811499336378
64.11871285612148
62.07963914947585
111.761955399637
111.97474423072035
54.23194735395163
41.27031147220022
205.06797849467486
153.51451288728816
44.91042154125126
100.20556790510369
64.08101771966813
52.89832555551593
170.13752255309066
294.8877829537604
40.61468379568258
33.38661499651263
68.89171259068964
51.47238746280661
99.29639023676363
68.41772481749747
115.2074243458572
148.26554998298076
118.14880374536904
48.12108465618918
133.5475721102266
183.3918812883015
54.29924359522459
103.91132827087947
64.67732325885622
509.43424597341823
72.53342419442897
177.17876924647783
161.7396201805888
61.67920398028823
108.11314896035732
73.35396276762954
47.84763611504486
176.7481776258087
97.88296340769091
156.96764437444355
2591.0678328056138
47.04295540777691
54.24761444717211
40.853279143088905
48.0523125823254
188.67543592052678
54.55015591862791
94.13760777782056
83.32787470582791
127.39367386506837
282.4694093693989
117.89478037908937
1273.4689297129848
50.062712090681
48.08859864548743
35.38615282510226
170.35349527670155
31.103358920220323
87.32533536095656
30.02052123512794
201.57556334620787
63.379043399635265
67.14271718922907
116.7550458111541
285.2508600378946
93.98987656907067
63.13246604498534
79.3800922198936
171.2989149381896
266.446275368148
58.51560878373536
499.35138052257355
200.9111463357435
43.41733378857466
53.708416813658154
125.74276882305047
56.45951380796084
349.60208143979537
63.407516410936985
34.33138602220025
111.68342071577408
355.37948010360753
306.7101185071925
79.16347676099657
40.34900954203481
667.2015105141792
615.8846636509865
223.57328964522176
83.42553560015425
152.41184547667544
60.70051927903095
161.85024099267693
82.61301707237762
50.474276233990075
22.186011086446484
85.18409065798755
62.72824154124676
46.055854775021736
73.20678901921262
91.22172924718095
46.758328472770756
40.27728488005211
88.9490896280139
45.66121577208518
31.43379636472092
79.91645738116613
62.62142876334982
206.7153635056775
29126.648077774797
88.58846605738418
42.529880642026264
49.96130508971317
123.97613703417576
51.55696303755454
119.91069722707479
