400.0
318.4851289894422
154.76688030259623
138.81150956832442
482.51064301702706
102.18607302359052
316.103999423208
192.97259284218583
109.82196302555653
54.77866827264583
34.30633475801685
118.83609205144799
136.25160631537585
71.23344691810306
283.2786935027005
103.04130870462325
175.29312232934848
202.1223764306639
107.01566704086943
115.35068848317607
244.18110172457958
88.07850922815771
51.125859395464175
88.42659563530214
46.102978890953636
185.27927976343895
113.69173346603672
107.87305435203865
107.0320460759861
317.9083709309833
95.3979656263412
309.78589243442383
46.480297602204004
941.8679037571222
100.27131327275842
133.79314543970926
78.8856070803711
74.83026845693436
63.15796642946742
72.93833515728046
179.5166062374329
243.6151602942336
87.25714675006893
140.69346219804248
115.70211727802958
84.24109619127499
52.45880261550652
65.90254933512496
6418.030099342813
86.98505540061532
683.2786637145254
78.1938799767664
182.25054702798386
323.4653305069399
130.55408062389924
514.4323087592901
246.98497916239907
219.7663926415716
48.02369342070384
102.08075708091606
110.43854875443822
83.19295910721122
216.16028259287336
86.52876090280978
95.63680100101031
123.52636836286005
110.11982967757555
178.26335728716927
141.42173440955432
80.25691658012448
173.49074266128494
90.12729805241091
90.26795396483168
93.65311841632128
42.78325144376586
218.56475983450875
106.8459304588451
119.2241374400334
75.26323102156704
89.74812424828771
944.7967051029266
82.7005368955777
70.84970131701081
206.1747504494932
66.21734073088678
227.13858326081765
116.00001477055726
727.3314202933199
177.35358009815994
222.05288228341075
280.79734969267076
212.30389130643965
397.2421159101777
130.81948777088863
316.88100045448846
108.6672849939796
68.71005973357313
470.98987980318606
116.28525729310331
147.04156720530233
368.99336289963
238.4600150236966
103.86769663320138
62.337033916784534
68.5371379122159
141.9783245262487
38.6411610272663
66.13723308750083
83.92925713389498
111.79387940767272
95.5802545655106
364.21892410704714
150.86508046099092
765.4342830935066
79.68630083037806
50.71172581063948
499.91266735431134
94.25064567110486
102.46864299365575
1193.5876969330745
265.90977023871994
95.33541029283393
87.63226579737461
277.87796008802184
143.88712471150535
163.89865996674402
118.6826574277991
150.20226052737982
66.1466187569696
148.89159551839808
53.808836328942355
50.98200138089388
93.0632577743115
133.56832491798346
163.4493628832549
85.2588395750079
241.55477211403337
159.1626261564498
92.0047652779945
181.64055133888627
150.01435637847996
62.75517398642165
172.07324180830332
65.54967075970393
727.4105799369146
98.968120479892
95.29606317336045
59.89918014072293
114.15445297630939
93.90338909092327
135.1344704336255
63.824757147304084
50.210568511681196
81.8243713498918
36.357836125552645
74.19879384327962
273.21960511405075
51.212091205412655
68.41995179910396
137.2298380788593
64.2500309378308
121.08035211803279
106.94341146527405
436.83037405241583
78.56893276192612
97.0010067111969
85.8288965093142
56.82978349923588
80.65994183612698
75.72753516308467
147.1934444746742
78.11759222937988
85.86133172121755
88.25663787731443
117.60234209852256
157.7459057103218
106.24140229932799
102.412132542173
51.696950940602406
54.23042671443982
55.72118153024843
96.4459563289499
121.60699523673061
297.52251957325814
134.66052693051782
181.06085918931277
46.731062918388076
80.00341618047499
79.10067050175287
55.46405754687334
94.60062503584666
130.39078917787228
56.51865544285162
167.75331479352948
43.90273870774474
52.90666820155728
54.11562812156681
1235.093548180758
139.51183078472747
98.99485596222904
1990.0300864881222
