240.0
201.42426327724303
106.27138054576423
94.2629305718405
193.31048353955367
8291.559455163006
94.58410188011612
1519.5121502393888
771.5611488105841
684.8290734294956
188.48100448190146
85.30427986378683
212.0460344161226
229.64698985532073
228.56241184806623
161.77582029357262
107.65213989856056
394.3712794881891
239.77125509559394
131.57869798060818
154.00880406166078
471.8598294605134
62.01424291987257
4129.410769530909
207.022378163871
158.27845880123644
79.28429332474781
153.4125187569474
136.47627727657755
152.2984143549417
107.96458978384386
104.89148654680424
88.83146715288548
131.90404233573702
115.64802386974647
120.52157233991629
188.32966102346805
359.75294165233413
1938.4923123495741
204.22953670882376
115.23753887104765
1232.4169530372521
133.88645501315318
93.71018515525951
10888.833538423889
446.0269055921151
117.89415232645881
153.07901658654478
372.04514426813785
193.71614675634578
74.73219211852026
235.79956804194578
89.38930630795306
279.2397586398434
444.30133738169087
502.8553320953602
95.68290838801316
88.28125551134191
205.96920082179432
371.72206237571675
2142.484647619282
137.84323865427632
144.0760236336463
88.88997833685518
1014.5288941101516
145.18156056581594
586.658528095581
49.021715747537115
825.7397511216451
111.62340772193434
306.4127138061842
202.28306926449713
119.9182776107854
110.17018349618729
138.54479285509836
135.77295337432375
716.7771552433968
1308.476909378866
129.01556283034233
255.73901134509595
943.6768929289597
107.47563162511226
171.59752825423107
93.67628924938246
120.07234473458391
115.05719126227939
162.88420307370168
906.1447165393706
129.7243184157867
370.36484730157184
89.84596335801609
109.23331755436256
1046.964423706704
118.10256906734905
109.33068806780807
159.85169629287176
95.86662920506481
82.69804823488754
235.82646238628598
4641.772120444933
564.1856041142784
228.05909222599234
353.33601150315184
87.91367404283237
144.16693060042653
362.519991913822
142.98023450985872
99.4162457173946
88.34011314467
73.8610146899972
670.3365473683002
10500.484009696056
578.1949175034382
111.04521052636396
132.01525739169261
297.0858313792126
614.4666523183539
150.2046563161513
158.21954683113964
138.16333406742538
87.62908776377394
84.56900201804491
225.74975013335683
160.46877447945036
2772.7643706746085
954.6010122225038
94.94735767270203
454.99826558981005
534.9754786510568
139.04718239654423
202.29323370182644
81.9389365772094
744.4865519598468
94.97695641190312
597.6037174674732
315.2210998296194
229.55860667367602
114.50167019015436
123.2675376516872
136.75539519644266
115.88557410494616
132.00277151389488
84.61026728828945
358.4907340633095
463.2772399153443
166.27696672783196
383.2345435915413
265.2921607488561
234.00707122059669
395.1880717242359
106.23224442677184
88.88301002298364
114.99875569816969
125.3476492611768
358.27951469570166
76.84685351464589
206.2678499451865
1111.2955459905486
172.6778607250935
182.87859728387875
204.95630218095567
159.04102931413212
167.7792449266108
654.5839891832532
191.70714471865912
208.61043892645282
140.48569982076796
240.07308839136596
202.48937093686828
238.90093743774537
3265.770074136652
122.32354755731016
504.27296435338826
234.32005151619086
113.40394639801045
152.91431092714035
282.9459601325528
205.50377149796435
106.07164131293042
323.30642080557453
92.75156582211686
229.66860073294373
167.02914684918906
300.8596788498692
172.19403199175952
177.34347651212667
427.49261742398653
545.3374594438523
136.39778820734367
287.4116767462634
120.90296510890789
184.41917267222846
322.09973204902747
121.08703857803351
540.9820767451514
248.43679162854562
178.58611695214094
30107.631836142424
381.21452928030754
117.22658485525153
4321.043588055845
