54.0
171.06073750707694
199.47932759526157
196.40368291389976
112.30710774555652
87.72133371299199
86.32375745361692
202.45949318568466
4192.854875856431
216.8361622186983
200.40770034911685
128.5528608380558
111.65379107074152
81.05853950848358
191.87221877530757
372.56956539982417
130.23335079413891
208.4043452899855
13082.042696932242
1445.4627570283906
640.7685984183845
103.90145693100297
221.52219988477518
77.8818648996994
233.30120677705176
162.88379922220346
113.61447807659808
85.15250161665851
115.94550077150961
341.33415268338655
300.06831526310515
133.9931908970302
730.7455438872909
272.36574213227357
121.43818729051351
150.36624035803345
96.54937512817095
89.21144890435887
66.357880002394
72.55972218965873
191.91303071713062
490.61642517949343
187.03501328083286
1617.3815014331487
135.28605819536764
59.39851589607462
114.90696547451822
302.04473689968364
104.07280967612957
171.11892262784897
58.45801709369877
187.2482182118731
178.2512271342401
369.38230166208876
128.99035706801533
105.89883811753441
83.44060739066533
355.21788226070237
717.7751595145666
85.70727829225265
154.4712741728937
71.78830471844975
146.84707802433374
229.75279230902925
945.8811622969815
230.4488619403447
711.6059201445329
178.1529632352178
123.21142638553249
228.48024921758875
102.0136719524598
234.78966701831467
51.537839659859955
189.27932203123953
96.56055439386405
189.03949413658594
212.31952386542224
1058.551533742957
251.51237924237626
2094.133064502298
59.61654517045103
126.32820945036991
88.0758925336205
180.9248490816763
122.47678523116817
80.58422373310141
198.52393692427813
1011.6044806882493
153.0914712501464
203.09735597423227
221.34038556273427
294.06514767698525
3831.9738306621734
78.8756934215281
356.0470241338933
1068.995719194907
722.1299243241328
342.38999792632916
105.28422760028853
153.10574425453126
353.6717267936808
104.44704412275482
164.41972616064544
297.34777794921746
267.89713590684886
162.42811843117806
2649.932327841372
216.24465318445
92.5018851795263
160.77068213710436
173.01891273569655
304.55051662529246
1651.6590597694985
714.2522422242871
94.93287311936585
245.02288212085602
70.42739931650324
142.96261300737095
193.1871949957733
194.9081560744762
221.06557491754637
274.4386081650041
228.5990752505881
539.9041782710405
54.29109526299813
229.2153403012092
247.777771806935
112.55302673683485
107.72899171741264
56.41746664671787
821.4889368347766
767.1086473050404
191.32679540514286
390.2230230742691
219.70309287177838
428.36711814629473
639.6285653607072
1030.4211366118743
208.53070367095833
92.84663577750564
734.0937933785187
216.70389751177083
61.64109993227496
380.343232788019
91.31927834408857
81.63677202856779
456.5040486169324
238.82040830479028
102.4800257782791
160.3304947997035
62.763099458123094
116.00619562292819
200.39398861978057
107.18561817986402
4976.675869973056
205.24329228664024
357.8778055965328
176.84858722079545
159.1019977021778
210.80829883031004
74.1393212830927
431.2864683810743
375.8724231412838
1029.4697537281838
67.07209621208372
102.15907650816801
156.7204611297894
147.8063172917151
140.08605782973137
389.3384940062724
193.65300666983737
363.8690391871294
129.88893225792046
102.93730029022291
99.9190259465191
155.15073354539624
162.77880192429473
3966.549961209769
6086.101710522586
138.0016288129384
209.67834738580297
174.38688894214894
395.01008216241604
171.76294558170554
204.070648070942
134.70599782451805
99.90774707477036
488.17536189979717
224.74159309029827
369.9318836362828
94.25226880452885
92.95024832845223
139.34874572700218
646.1637714970932
117.4951486320993
837.26622196368
315.41665211986873
176.92038768363474
87.37240536723124
238.3091927068441
112.8397049209227
