320.0
107.19225821685299
166.07485633721672
169.4899579305711
130.04966813961
114.41580231935741
115.2955359904942
53.3526269859089
280.97664516197426
35.48165442686903
95.79400898895659
43.253486455749346
66.45709200477351
44.145520190222804
456.2503394148428
71.32614381898175
44.44410235239349
95.4015186132787
39.57183456223827
77.46205998021603
51.549890728051516
346.66425296298286
129.88162314118873
58.252716234885526
2051.387988410566
733.3721725018437
160.59187747625757
56.146334243935456
65.40585195072586
29.57502801510781
82.32621797115424
37.64093424415405
608.7264736991705
46.692668763751136
28.810771079119
48.88416635968584
783.221266584766
98.47889135367329
130.30587127328639
74.25587902574323
124.6385066990871
5804.31827852962
60.490363039265134
54.77174296808615
726.3705139059164
144.03908879848055
87.36105806718159
287.7897445691502
38.283842448932646
85.93570240590775
114.41946968517658
35.87741143501317
393.53044053018607
213.08587275199136
457.55626636053614
44.666676869494054
40.41979340964982
91.70218704350316
139.96944895801744
77.67239264683911
291.1831251234664
83.3921617636868
33.68421821200409
26.513861552778224
128.421056917991
39.13812335477579
117.24427077533879
51.14621064020915
77.1361640618414
28.133749364437996
943.982776541156
64.51726390835064
82.44071567239132
89.47086365852185
58.71740574119687
26.02939850269883
55.52326679835421
70.37017296788571
29.398011196904974
65.05246257176982
74.38347891196312
73.33965411280707
62.60638464688214
205.5664449527503
61.90474821928329
68.92766259320825
72.19670281672364
805.1320979364541
242.98397965071757
90.10103655304734
88.7913689651023
269.9700848968904
1285.193493769233
74.87232678958254
53.97096045304446
21.820194194961907
523.4428395790716
651.4925274627008
53.950792250423625
47.47653920863515
88.38165001123912
56.02446786355084
81.9213368430265
58.21485559680695
590.4789612297692
5999.285702665193
106.27670626055561
424.8078924089993
54.404990704778754
235.92615339190016
42.09883996199857
74.810211458906
227.73280908546184
5427.82374085077
208.38833378159026
141.49875817446215
41.47581720105287
302.1612579367561
113.02509961763633
39.30945399181562
62.441892707637976
221.56503877539737
163.8396790817769
235.2509889410455
105.28642147205157
37.64161771383249
227.64856315959355
32.056076622178765
59.33776406452576
155.18144151877863
113.83176901191563
580.5046666857588
242.29389567709208
79.47122492320057
81.42670445697206
36.19730735954793
40.22058530447047
68.45004497854278
76.85455279135466
95.79120981395084
174.01632789099725
77.70328029865388
32.475230606433364
130.33841575258873
44.254709133502544
47.776613276256114
482.66627258859785
151.02669080393719
64.60233521178803
190.49043049904853
118.34653386155436
58.53975994622728
46.29795074790381
77.846129062259
138.12859133785406
49.80106733994892
55.82116696403937
68.63518195597132
181.5021778227351
606.5847465662763
119.94474421527862
175.30291651876735
66.2300988354735
86.6527983271778
203.1755731862516
257.9551949158307
285.2224297692799
236.53102975232787
89.80936103437438
278.69353734992643
53.76429497468508
46.28916641527654
79.93321415930455
53.53873222577582
114.79449576482504
32.42684238261585
48.927733002807216
76.7083197180303
130.73352464373357
69.53854077796454
99.09075616241212
88.6463959453831
48.028762047220326
57.56866827377216
30.639718085264455
43.32551769816222
54.98122287471522
51.200621228694224
145.33619119302398
168.44794454526377
53.84896267857164
182.49164741906708
587.3696086140436
124.35759814669139
111.18590026452884
84.24518554225189
94.93123820550667
45.9412155034421
49.24860600451769
501.340516044661
75.3993698651467
