48.0
505.3314554638695
122.87322383277959
150.4573443339189
146.63513712838068
466.151732828877
135.57309709633083
140.9753658997814
48.98471654909122
60.387369528793606
238.75854090664689
220.96806733511715
186.45263680430105
297.0189576521504
890.1952091020248
130.67513185056785
157.68978334507176
102.41549596032962
102.94030785903485
222.4050437986085
90.55187030510754
116.25210925688249
53.49471168712003
292.9112584771061
494.55023362617175
647.192759533028
168.5352938913143
152.055137176041
238.17903185836454
210.80317256751647
78.17142353877747
274.2675598123755
101.9279645712567
94.98636022564288
148.29171163662312
121.69303814637934
147.4735821570969
148.71156486423268
291.0277912187547
276.86191732797545
214.55793803009908
190.92268823992097
81.02617314940467
255.34462173556776
76.94845032230008
230.05134634903953
173.48971875021036
219.88386854559366
82.67775043858964
89.69163954181937
119.57634867417568
133.20736775002027
177.95223109013327
409.96512419651356
121.37037906210129
217.69625287620198
100.66569721267496
97.5550760103119
81.50942055238286
146.83449985782775
165.65637147821798
79.52056471949108
84.13654880976283
247.86779163351227
158.51813033627658
120.99858405742252
151.97355284202388
389.2495750948621
164.56326300857393
403.2651179345722
182.46966780058818
47.23949275448557
168.84232949372003
469.0394855019656
358.96791050741007
216.31627919765424
116.82292484729217
130.22723596584268
82.8178840966772
149.15470434500813
89.01788044739428
209.13864485791495
125.1693929960847
392.4165218462091
131.56657911495645
3137.3267569740196
463.75409763878133
96.24609158967829
263.19070839425353
309.9511385433231
229.79275850618885
179.46357381443414
187.75887793128052
64.88376934021265
246.8381271588644
247.22052558027303
159.89433552865847
131.20731990814377
155.9503076540801
90.01604183995089
124.57156090325965
455.09588635848496
80.4152044868713
245.30478231998046
1143.606252105348
54.03959409044083
109.83153719656929
214.12704721887107
761.1125541237916
124.94573409106891
249.75528430865137
178.55379660291342
268.5214023798947
160.5171210956718
310.6723998489876
122.69334707485343
4309.77570901868
709.2795314172191
106.68563090244774
256.1315143005283
60.89451969524648
65.1387949913858
1106.66327851071
96.30114927980267
88.24565477794816
221.95030052794488
290.2046781044776
173.73142750779076
93.71747959496781
287.1385489933339
40.40549732207698
162.00946806947104
70.30161184579144
169.6512720430822
143.4580896736028
142.79234305085248
191.7062382601803
433.9722668676716
226.95480813844097
110.15897472061154
211.2244712105735
1217.551062082491
171.27592773724243
110.6200307164334
119.62957228818108
55.53239826132148
743.2576534323231
1404.2338228238596
268.4246983183922
133.3345072321532
146.82966701806765
118.05894066469627
127.81062094839562
159.25747075027923
123.4230847489958
425.86616214947435
276.258472046633
112.93120681598268
135.1617768149522
165.33270999600745
507.5307670317018
107.59699813788772
206.83785563394733
1180.7332269205008
107.54995895745176
302.7343025809288
438.64864467120583
109.93732136836822
177.87933643627605
71.85892785359543
329.3506146810387
236.49950488348875
224.53567751797982
649.1811284040846
142.18247114967042
107.71687171877376
160.56038552908535
116.77284446339105
151.1716497630358
174.78795821377378
113.01561559762905
149.97863019461232
97.95483277844158
265.8174579875215
636.4156610391766
75.71260830056278
193.00386778985433
617.3118935469624
114.45798490363309
187.09229198066538
136.56737636905035
94.42719273052128
685.198980416669
120.4014775121223
238.58063154680093
93.15130516361337
1114.8503135085055
158.13228856501152
145.22174600807887
261.4923059412637
98.02215200745903
