45.0
88.38123081401622
231.627504322087
139.34315160313804
85.20502833271831
2349.537882605737
112.18685690839617
321.33355003384423
439.1894897901877
118.22227659684339
135.75860330897214
172.74519247594426
104.13542909143227
380.6216958920338
145.94051740951565
192.65751161878674
89.63914659364306
453.43015459799983
77.73320363408406
43.61952378764313
884.9024347062124
125.2286612519089
182.90832860670758
216.27496122505212
292.09777663148316
565.0432758844657
130.16772132160492
335.93899146833115
101.22348270617061
172.5155716002052
812.319105804403
4053.587406036268
627.4998448342542
310.3222371747144
61.65572446288344
92.99593273917802
176.05132090023596
142.43065356241112
270.69006607257467
142.75145416113548
166.08276174424785
274.65953021227887
137.61166303184112
104.93664782747682
114.75963496866981
196.63496323322556
114.59705513103852
208.15493047729058
143.4800880222298
116.70999655701176
73.9517050054688
50.038646879041
52.229191149437355
54.761532164354
103.1382267059712
84.19781710235175
90.11762613569222
105.7481326019641
379.9535733419744
88.1560141973576
226.08535903802664
122.21749595281118
102.66728497052051
84.74189098288527
91.5789798480232
544.3012808676825
192.59244058701034
199.6031885087213
283.5172829986849
166.85784736592703
44.78406168248689
463.22573943814155
148.12270776017678
52.43346129464001
492.4926775506724
636.5905504676622
111.622406549961
162.83551884270688
129.55689045614795
82.29804037999023
194.5607741628145
99.25977710256484
119.86528256805741
217.10078864931745
184.75653410422782
505.26287725255366
193.52944585814936
127.63976836588475
149.66264566621646
101.46313632298768
138.55323669166603
122.41737831761237
96.90323515205218
237.70737635054235
93.89414448447127
484.0565990641651
127.75770830716822
134.55044788953126
73.70858780816572
151.68141663604305
224.5991750570924
96.2717992938925
134.51115904200054
90.71341657032391
237.84666763449175
151.10129995958448
75.47156812148228
109.19987285829365
80.75471838733759
244.62565616906633
117.26919879144185
132.07083381882236
364.05269972545943
189.69723801876512
122.26413004815132
92.83563273528475
112.84301212217615
104.46142058266712
54.8370090980952
72.25915645503235
3661.3058716929313
184.17556187808893
66.7368943678962
322.70238443716494
501.9641633592808
669.9610693769574
173.46275400109994
183.20150524417076
202.74047735446317
134.95836190720763
531.5647594098132
235.13992214383978
311.3067240172895
223.53290359233887
138.3909847807856
65.4517223132327
77.62663619487
210.3872643080097
322.5752853432013
179.07310459536686
882.1400097908821
83.74883724020187
294.95642166806743
541.7586964355236
181.22945280102687
84.87050323279321
129.26465886678702
397.3863754499744
502.04224988740486
69.58097099209756
749.0672679439261
108.26361974115945
580.8925749324692
117.63350578026326
925.4985454137217
2003.510411561228
337.8500182542088
67.17998726178882
66.8901042300763
146.69940442187877
64.07472962960166
153.84485029104334
99.06829402488704
108.4353800874849
213.51957888717183
100.04406919246108
123.45677592214716
335.91412738028333
132.7929575405121
169.7609930408262
218.56493772294218
57.59536645256683
122.09966770238485
92.66280877213256
177.08055811620983
42.82978395293004
126.399935258669
230.27883188910474
164.08505288514573
132.62652563783107
70.31198622217424
205.89207845251065
47.733110900137284
344.6180128692011
635.7826482356608
303.7918034452117
148.91670142399255
138.5180141727425
195.91566295344506
180.43600155788906
167.15065664096406
93.11813173937813
63.34641907108866
156.87679648919217
153.71710989064326
242.9138708022311
5730.527087673423
253.8804239106985
292.04304080186154
78.84281482390631
583.1206186703831
