45.0
100.39792853321312
92.39615853250707
142.67067465434403
149.873188673152
486.02807445767303
1389.858811036158
122.00821496430893
136.21246044683568
238.65502444646432
147.71814567201665
149.22057582413942
206.87398223790814
483.9331091081041
125.6915115473803
129.83054969504735
95.50273271127851
176.6042489346573
134.545256143219
179.6435006409491
123.12542411556173
612.9251881382093
125.8429723633684
382.95677242689754
172.46674944221866
141.03753308355556
216.38696241693341
600.2477259231969
56.26979048237059
98.65614766035047
165.68108538374165
333.89645509463975
297.5900105316628
137.00551315122385
2609.341635402049
654.5115075588978
134.50303009740074
88.5073845652078
31662.816061370242
4461.956670618229
311.6904591471529
178.40896680779298
113.8897122887145
129.28936574243207
148.7682613036438
7896.702418330982
328.9092211379703
124.33879795296788
91.2133261255264
130.22933361809535
1123.8234629708725
92.24831645748073
322.59927150736786
92.95761908422942
133.65151527100335
156.2223866008465
644.9410864247993
762.4135658835352
748.5817528727715
1005.2691076397869
174.88460292005516
271.5692435822672
131.58284798281954
271.185335433471
226.45616439777854
125.11701238549549
129.98042992857035
112.1570623692566
522.8059272529315
167.030257730198
239.8663579713945
98.28194107561788
95.6385319710919
168.52139917714027
195.83715205050578
316.2784098635538
385.10160974011984
460.31383875760406
103.78373590750239
226.93577520534882
95.97480129019775
172.68132781029195
446.76373040088316
175.7846804297076
220.60847569592508
112.54501186919306
234.48863850000754
66.79757973975684
90.24091164432791
416.20636704741395
482.0397425133715
283.2707049459451
109.86272372092878
129.26231078986996
326.50156223775565
423.16445257879764
166.29115921895198
515.0872729243454
79.48366487310822
633.8705065737241
113.40767206282516
114.03259157000842
133.3536717893994
88.3360498303503
83.94729279330731
79.92890812304019
290.9867266043781
149.98860865530943
255.68170510243826
139.42915637512678
91.1671902711961
418.03261416797073
1105.9946081387393
101.18642551251392
1040.6948057722732
255.15690077586729
58.04844289022064
192.98146900428256
308.1465335682711
336.09450710009406
172.76817428608226
503.7349638078884
174.58915084344397
107.31406185027635
160.8574146593173
91.4915330124665
145.66127834845574
78.54801401602015
102.15153976998013
292.0553297068426
138.0046305918815
218.9694919685673
152.48380895839975
79.15582265927678
386.6305357635726
153.59522485128315
136.51872056029373
280.0443682455394
205.94584590532838
183.39035027613525
78.75236817594111
114.0818763085974
126.78920302606936
456.4362549760906
113.70116266369133
85.88525089976086
128.98065661625336
181.30693299501252
66.41674996333094
798.5167135765594
397.1237153347
155.81012759144235
67.01868142249282
330.56542327660316
807.2669826203897
98.69940035004944
131.57643203057305
596.2119337501131
93.93991768786934
57.56586910314741
143.95762994854476
185.32084044394276
152.0674496467475
124.91080039225646
236.7184227203569
852.3742988703796
83.63729077079198
145.17281056832337
331.553612228995
121.96047322392317
130.40930924862872
383.7381742537266
548.2663794287672
280.03260245356086
101.11259313000114
653.9074669442813
2157.8410836256394
225.41474943043278
3710.845654916998
145.19352800368162
144.59629937906504
557.260474952624
143.67683250866682
129.63072871538495
146.46807691230836
820.4590790390673
68.48460381727884
85.25147558618522
133.0897174397446
378.33443206769516
210.2746067483816
147.45617220934724
459.4122857305658
147.1752654398854
136.58143234832087
100.89075178264581
105.34594664718884
138.3314357689945
271.36896822945926
290.3250798850018
502.324631264701
